1
58
11902 3056
11902 3056
11902 3056
11901 3042
11901 3042
11901 3042
11901 3042
11881 3056
11871 3071
11854 3091
11835 3119
11808 3157
11783 3205
11758 3263
11734 3327
11708 3395
11687 3462
11670 3510
11670 3579
11663 3630
11676 3686
11682 3719
11713 3759
11737 3780
11779 3805
11815 3831
11859 3835
11909 3834
11958 3826
12014 3811
12065 3787
12120 3757
12174 3721
12230 3677
12282 3632
12331 3584
12374 3535
12411 3489
12438 3446
12454 3404
12462 3365
12459 3329
12448 3293
12430 3260
12406 3225
12379 3193
12349 3162
12317 3137
12284 3115
12248 3100
12212 3091
12174 3086
12138 3089
12097 3095
12061 3110
12020 3125
11978 3136
11948 3152
