1
43
14.6135 25.4677
14.6135 25.4677
14.6135 25.4677
14.6015 25.4637
14.5854 25.4557
14.5694 25.4557
14.5533 25.4637
14.5413 25.4758
14.5333 25.4878
14.5252 25.5038
14.5172 25.5319
14.5092 25.56
14.5052 25.6001
14.5052 25.6282
14.5092 25.6563
14.5132 25.6924
14.5252 25.7165
14.5333 25.7446
14.5413 25.7687
14.5573 25.7887
14.5774 25.8168
14.5975 25.8248
14.6175 25.8329
14.6496 25.8369
14.6897 25.8248
14.7178 25.8168
14.7419 25.7927
14.762 25.7687
14.77 25.7526
14.782 25.7165
14.7901 25.6844
14.7901 25.6603
14.786 25.6162
14.774 25.5801
14.762 25.54
14.7299 25.5038
14.6897 25.4637
14.6376 25.4758
14.5814 25.4557
14.5493 25.4637
14.5333 25.4637
14.5292 25.4637
14.5292 25.4717
