1
35
15.3558 26.4749
15.3558 26.4749
15.3558 26.4749
15.3438 26.4668
15.3317 26.4668
15.3197 26.4668
15.3117 26.4709
15.2996 26.4749
15.2836 26.4869
15.2756 26.4989
15.2675 26.523
15.2675 26.5391
15.2675 26.5591
15.2716 26.5752
15.2756 26.6073
15.2796 26.6193
15.2876 26.6394
15.3037 26.6554
15.3358 26.6715
15.3598 26.6795
15.3959 26.6875
15.428 26.6915
15.4601 26.6915
15.4802 26.6795
15.4922 26.6715
15.5003 26.6554
15.5083 26.6354
15.5163 26.6033
15.5123 26.5712
15.5003 26.531
15.4762 26.4909
15.4481 26.4749
15.42 26.4508
15.3839 26.4428
15.3438 26.4388
