1
34
13.3295 26.519
13.3295 26.519
13.3295 26.519
13.3175 26.511
13.2974 26.519
13.2773 26.523
13.2493 26.5391
13.2212 26.5511
13.1931 26.5712
13.173 26.6073
13.161 26.6354
13.153 26.6635
13.153 26.7036
13.153 26.7437
13.165 26.7638
13.1891 26.7959
13.2172 26.8119
13.2452 26.8199
13.2814 26.824
13.3295 26.8079
13.3777 26.7919
13.4138 26.7718
13.4419 26.7477
13.4499 26.7236
13.4459 26.6956
13.4338 26.6594
13.4218 26.6314
13.4057 26.5952
13.3817 26.5872
13.3456 26.5631
13.3135 26.5631
13.2773 26.5591
13.2452 26.5712
13.2172 26.5792
