1
41
14.6255 26.4829
14.6255 26.4829
14.6255 26.4829
14.6135 26.4749
14.6055 26.4749
14.5975 26.4749
14.5934 26.4749
14.5854 26.4789
14.5774 26.4909
14.5613 26.511
14.5413 26.5351
14.5333 26.5551
14.5292 26.5752
14.5252 26.5993
14.5292 26.6233
14.5373 26.6474
14.5493 26.6554
14.5654 26.6835
14.5934 26.7196
14.6215 26.7317
14.6576 26.7437
14.7058 26.7517
14.7499 26.7477
14.7901 26.7357
14.8222 26.7277
14.8422 26.7317
14.8543 26.7196
14.8623 26.7116
14.8623 26.7036
14.8623 26.6755
14.8583 26.6514
14.8502 26.6273
14.8262 26.5952
14.8021 26.5672
14.77 26.5511
14.7419 26.5431
14.7178 26.5431
14.6857 26.527
14.6456 26.5351
14.6215 26.5431
14.6015 26.5551
