1
49
10615 2466
10635 2451
10635 2451
10648 2439
10648 2439
10648 2439
10648 2439
10648 2439
10648 2439
10624 2436
10624 2436
10595 2463
10580 2485
10561 2516
10541 2553
10519 2595
10500 2642
10482 2690
10470 2742
10461 2788
10460 2834
10461 2871
10473 2904
10497 2929
10529 2945
10571 2956
10620 2957
10675 2951
10737 2936
10802 2912
10867 2877
10927 2835
10984 2782
11030 2724
11067 2663
11093 2600
11108 2540
11108 2482
11096 2433
11069 2392
11033 2363
10987 2344
10933 2335
10879 2336
10820 2344
10766 2362
10724 2390
10689 2415
10671 2448
