1
51
6415 3917
6397 3926
6397 3938
6385 3953
6378 3974
6363 4003
6351 4037
6336 4080
6327 4120
6320 4166
6318 4209
6318 4247
6327 4283
6342 4310
6369 4328
6401 4337
6437 4337
6476 4335
6518 4324
6561 4308
6604 4290
6640 4267
6672 4242
6701 4215
6719 4184
6735 4157
6744 4127
6744 4093
6744 4060
6731 4026
6717 3992
6701 3962
6681 3938
6661 3911
6640 3892
6616 3877
6593 3865
6568 3863
6543 3863
6518 3870
6489 3879
6462 3892
6435 3906
6415 3924
6392 3944
6376 3962
6363 3983
6354 3999
6354 4019
6354 4035
6354 4035
