1
52
8662 3593
8662 3593
8643 3598
8632 3612
8620 3637
8607 3666
8597 3700
8595 3739
8597 3784
8606 3832
8618 3883
8633 3939
8650 3999
8668 4061
8687 4123
8708 4184
8728 4238
8750 4284
8773 4322
8801 4346
8830 4358
8865 4356
8901 4342
8939 4319
8978 4290
9016 4253
9053 4211
9085 4166
9112 4118
9134 4066
9145 4011
9149 3948
9146 3885
9135 3821
9118 3759
9095 3701
9067 3650
9033 3610
8994 3581
8948 3569
8899 3569
8845 3582
8787 3606
8667 3683
8614 3728
8569 3775
8533 3818
8506 3859
8483 3927
8496 3951
8525 3960
8556 3965
