1
64
7807 5187
7807 5187
7795 5199
7784 5216
7775 5233
7767 5259
7759 5283
7752 5314
7747 5345
7741 5378
7737 5412
7735 5446
7734 5478
7734 5510
7735 5539
7740 5565
7746 5589
7763 5628
7775 5641
7791 5652
7805 5660
7823 5665
7840 5668
7858 5668
7879 5663
7897 5658
7914 5650
7931 5640
7946 5628
7963 5615
7978 5600
7993 5583
8005 5565
8017 5545
8028 5525
8038 5503
8048 5482
8054 5460
8059 5439
8062 5420
8064 5401
8064 5382
8063 5364
8061 5348
8057 5330
8052 5314
8046 5297
8040 5283
8030 5269
8021 5255
8012 5243
8001 5233
7989 5223
7979 5216
7967 5209
7955 5203
7944 5198
7933 5195
7921 5191
7908 5191
7895 5191
7883 5197
7861 5209
7845 5218
