1
75
7100 5302
7100 5302
7100 5302
7100 5302
7100 5302
7100 5302
7100 5302
7100 5302
7095 5313
7095 5313
7095 5327
7095 5338
7095 5353
7095 5369
7095 5386
7095 5405
7095 5424
7101 5442
7113 5472
7124 5486
7137 5496
7166 5510
7194 5519
7213 5520
7226 5521
7237 5520
7250 5517
7263 5511
7275 5504
7286 5497
7297 5486
7306 5474
7311 5461
7318 5447
7321 5433
7326 5416
7327 5400
7328 5381
7328 5361
7328 5340
7327 5319
7325 5296
7323 5273
7319 5250
7316 5226
7309 5203
7304 5180
7295 5159
7288 5141
7278 5123
7268 5108
7257 5095
7247 5086
7235 5078
7225 5072
7214 5069
7203 5068
7176 5070
7147 5080
7136 5089
7112 5113
7097 5131
7094 5152
7082 5176
7075 5205
7072 5235
7067 5267
7065 5300
7065 5334
7071 5393
7082 5443
7091 5480
7095 5512
7104 5523
7104 5523
