1
53
13369 2566
13369 2566
13354 2573
13354 2573
13333 2592
13333 2592
13315 2616
13307 2635
13303 2661
13296 2687
13296 2718
13296 2748
13303 2782
13310 2818
13322 2851
13339 2881
13360 2907
13384 2928
13413 2943
13444 2953
13479 2958
13524 2958
13568 2953
13616 2943
13664 2928
13714 2911
13762 2890
13809 2869
13851 2846
13884 2821
13913 2794
13934 2762
13949 2735
13957 2705
13960 2674
13954 2644
13943 2616
13925 2590
13903 2569
13872 2555
13836 2543
13791 2537
13743 2539
13690 2545
13637 2557
13583 2569
13533 2586
13488 2601
13452 2616
13425 2626
13410 2638
13396 2641
13396 2641
