1
54
8413 4762
8413 4683
8413 4657
8388 4631
8388 4631
8388 4631
8360 4631
8360 4631
8360 4631
8335 4657
8307 4709
8307 4789
8307 4868
8282 4974
8307 5080
8307 5186
8335 5292
8360 5371
8388 5450
8413 5530
8441 5583
8494 5609
8519 5636
8546 5662
8598 5662
8625 5689
8651 5662
8678 5662
8704 5636
8731 5609
8757 5556
8784 5504
8810 5450
8810 5371
8837 5292
8863 5212
8863 5133
8890 5053
8890 5001
8863 4948
8863 4868
8837 4816
8810 4762
8757 4709
8704 4657
8651 4631
8598 4604
8546 4577
8494 4577
8441 4604
8388 4604
8360 4631
8335 4657
8335 4657
