1
50
15.0188 10.3487
15.0188 10.3487
15.0148 10.3527
15.0107 10.3607
15.0027 10.3647
14.9947 10.3727
14.9907 10.3848
14.9746 10.4088
14.9626 10.4409
14.9465 10.4771
14.9305 10.5212
14.9104 10.5734
14.8984 10.6175
14.8944 10.6496
14.8864 10.6857
14.8823 10.7098
14.8904 10.7339
14.9064 10.7539
14.9225 10.77
14.9506 10.782
14.9867 10.79
15.0148 10.7981
15.0589 10.8021
15.099 10.794
15.1351 10.782
15.1712 10.766
15.2074 10.7419
15.2395 10.7138
15.2716 10.6817
15.2876 10.6536
15.3037 10.6215
15.3237 10.5774
15.3518 10.5252
15.3598 10.4891
15.3598 10.461
15.3478 10.4329
15.3277 10.4048
15.2956 10.3888
15.2595 10.3727
15.2194 10.3647
15.1753 10.3647
15.1311 10.3727
15.079 10.3808
15.0228 10.3968
14.9786 10.4088
14.9586 10.4249
14.9465 10.4329
14.9425 10.445
14.9385 10.457
14.9385 10.4811
