4
5
19.6131 10.4209
19.6131 10.4209
19.6091 10.4169
19.601 10.4209
19.577 10.4329
23
19.5609 10.4249
19.5609 10.4249
19.5569 10.4088
19.5609 10.4129
19.5569 10.4289
19.5288 10.4771
19.4766 10.5854
19.4205 10.6777
19.4004 10.778
19.4004 10.8502
19.4325 10.8783
19.4726 10.8944
19.5288 10.8903
19.601 10.8703
19.6492 10.8221
19.6893 10.7619
19.7094 10.6897
19.6973 10.6255
19.6853 10.5774
19.6331 10.5413
19.597 10.5292
19.5689 10.5332
19.5368 10.5774
50
19.5208 10.5132
19.5208 10.5132
19.5168 10.5132
19.5168 10.5092
19.5208 10.5051
19.5248 10.4971
19.5288 10.4851
19.5288 10.4771
19.5368 10.461
19.5408 10.449
19.5489 10.4329
19.5529 10.4249
19.5529 10.4209
19.5609 10.4209
19.5689 10.4169
19.589 10.4169
19.6131 10.4088
19.6171 10.4088
19.6211 10.4129
19.6251 10.4209
19.6331 10.4409
19.6331 10.461
19.6371 10.4771
19.6331 10.5011
19.6452 10.5132
19.6572 10.5292
19.6652 10.5453
19.6652 10.5573
19.6572 10.5734
19.6371 10.6014
19.6291 10.6255
19.6331 10.6416
19.6331 10.6576
19.6371 10.6656
19.6331 10.6697
19.6331 10.6737
19.6371 10.6817
19.6371 10.6897
19.6371 10.6977
19.6331 10.7098
19.6291 10.7178
19.6251 10.7298
19.6251 10.7379
19.6291 10.7459
19.6331 10.7459
19.6251 10.7499
19.6291 10.7499
19.6291 10.7539
19.6291 10.766
19.6171 10.794
28
19.4807 10.5653
19.4807 10.5653
19.4847 10.5613
19.4887 10.5613
19.4967 10.5573
19.5128 10.5493
19.5248 10.5413
19.5569 10.5372
19.6091 10.5212
19.6412 10.5011
19.6452 10.4851
19.6572 10.4851
19.6652 10.4931
19.6652 10.4971
19.6773 10.5212
19.6773 10.5734
19.6853 10.6055
19.6973 10.6376
19.6933 10.6737
19.6973 10.7018
19.6893 10.7298
19.6773 10.7539
19.6612 10.77
19.6572 10.782
19.6452 10.794
19.6211 10.8061
19.589 10.8141
19.5489 10.8141
