0
0
30
0.160839 0.092657 1.000000
0.121394 0.193696 1.000000
0.091768 0.298131 1.000000
0.070799 0.404512 1.000000
0.058415 0.512291 1.000000
0.061877 0.620761 1.000000
0.078051 0.727759 1.000000
0.115312 0.829311 1.000000
0.180444 0.915034 1.000000
0.272955 0.970138 1.000000
0.378466 0.992175 1.000000
0.486490 0.984663 1.000000
0.590703 0.954584 1.000000
0.688989 0.908822 1.000000
0.778097 0.847101 1.000000
0.854743 0.770581 1.000000
0.913396 0.679541 1.000000
0.950288 0.577883 1.000000
0.958560 0.470114 1.000000
0.936852 0.364347 1.000000
0.887022 0.268463 1.000000
0.815576 0.187133 1.000000
0.729553 0.121075 1.000000
0.633195 0.071052 1.000000
0.530009 0.037518 1.000000
0.423550 0.016864 1.000000
0.315420 0.009666 1.000000
0.207184 0.015832 1.000000
0.100969 0.037439 1.000000
0.000000 0.076923 1.000000
