0
0
30
0.158209 0.000000 1.000000
0.180493 0.081280 1.000000
0.147822 0.171992 1.000000
0.121264 0.264695 1.000000
0.097021 0.358018 1.000000
0.074983 0.451864 1.000000
0.057320 0.546664 1.000000
0.048415 0.642555 1.000000
0.046361 0.738762 1.000000
0.057062 0.834159 1.000000
0.097272 0.920821 1.000000
0.174572 0.972913 1.000000
0.269527 0.975726 1.000000
0.356411 0.936906 1.000000
0.433829 0.879671 1.000000
0.503540 0.813210 1.000000
0.566444 0.740304 1.000000
0.619796 0.660406 1.000000
0.658199 0.572714 1.000000
0.676617 0.478563 1.000000
0.673463 0.382557 1.000000
0.645836 0.290461 1.000000
0.595516 0.208327 1.000000
0.523359 0.144356 1.000000
0.441469 0.093629 1.000000
0.348175 0.072174 1.000000
0.252298 0.076981 1.000000
0.160839 0.106217 1.000000
0.075060 0.149831 1.000000
0.000000 0.209950 1.000000
