0
0
30
0.182131 0.053265 1.000000
0.129902 0.128963 1.000000
0.095809 0.215267 1.000000
0.068875 0.304111 1.000000
0.047471 0.394368 1.000000
0.028474 0.485241 1.000000
0.020844 0.577674 1.000000
0.015262 0.670293 1.000000
0.024707 0.762648 1.000000
0.047340 0.851108 1.000000
0.094367 0.929607 1.000000
0.172093 0.977663 1.000000
0.264930 0.977663 1.000000
0.351439 0.946251 1.000000
0.433658 0.904284 1.000000
0.508965 0.849993 1.000000
0.581193 0.792012 1.000000
0.648092 0.727644 1.000000
0.710730 0.659597 1.000000
0.764660 0.584031 1.000000
0.806735 0.502350 1.000000
0.837042 0.414600 1.000000
0.838810 0.322414 1.000000
0.827048 0.231288 1.000000
0.797320 0.143340 1.000000
0.738422 0.071912 1.000000
0.659691 0.025703 1.000000
0.569122 0.013677 1.000000
0.480166 0.036728 1.000000
0.398625 0.080756 1.000000
