0
0
30
0.208333 0.050439 1.000000
0.184748 0.070895 1.000000
0.154359 0.146073 1.000000
0.128030 0.222940 1.000000
0.107377 0.301485 1.000000
0.088067 0.380402 1.000000
0.070989 0.459838 1.000000
0.056176 0.539653 1.000000
0.046399 0.620314 1.000000
0.040019 0.701247 1.000000
0.036827 0.782435 1.000000
0.041977 0.863481 1.000000
0.061113 0.941531 1.000000
0.118901 0.991676 1.000000
0.189486 0.959429 1.000000
0.247376 0.902437 1.000000
0.294182 0.836119 1.000000
0.332353 0.764676 1.000000
0.361371 0.688994 1.000000
0.383113 0.610794 1.000000
0.398499 0.531013 1.000000
0.404717 0.450023 1.000000
0.402741 0.368953 1.000000
0.389505 0.289075 1.000000
0.352774 0.218593 1.000000
0.294288 0.163855 1.000000
0.220941 0.132914 1.000000
0.141455 0.133593 1.000000
0.067138 0.164952 1.000000
0.000000 0.210526 1.000000
