0
0
30
0.025735 0.613971 1.000000
0.016683 0.701904 1.000000
0.009715 0.789816 1.000000
0.020576 0.877544 1.000000
0.067827 0.945411 1.000000
0.146765 0.964787 1.000000
0.234544 0.954338 1.000000
0.318145 0.926998 1.000000
0.400676 0.895329 1.000000
0.481712 0.860545 1.000000
0.558069 0.816004 1.000000
0.634425 0.771463 1.000000
0.710291 0.726140 1.000000
0.783588 0.676726 1.000000
0.856885 0.627312 1.000000
0.928369 0.575662 1.000000
0.991830 0.514124 1.000000
1.055291 0.452586 1.000000
1.105167 0.380754 1.000000
1.147246 0.303014 1.000000
1.131250 0.217876 1.000000
1.088589 0.146802 1.000000
1.016049 0.096283 1.000000
0.936931 0.059662 1.000000
0.851871 0.035599 1.000000
0.765700 0.020326 1.000000
0.677328 0.022469 1.000000
0.589031 0.025303 1.000000
0.502236 0.042063 1.000000
0.415441 0.058824 1.000000
