0
0
30
0.192547 0.171843 1.000000
0.191256 0.066821 1.000000
0.151948 0.115038 1.000000
0.124399 0.216466 1.000000
0.097745 0.318136 1.000000
0.071459 0.419901 1.000000
0.047294 0.522176 1.000000
0.027537 0.625360 1.000000
0.014262 0.729556 1.000000
0.010883 0.834453 1.000000
0.029037 0.937019 1.000000
0.111824 0.990538 1.000000
0.214487 0.971063 1.000000
0.310279 0.928770 1.000000
0.398998 0.872824 1.000000
0.480024 0.806381 1.000000
0.552647 0.730587 1.000000
0.615710 0.646502 1.000000
0.666048 0.554366 1.000000
0.703538 0.456600 1.000000
0.722622 0.354050 1.000000
0.714371 0.250599 1.000000
0.671708 0.156330 1.000000
0.598339 0.082971 1.000000
0.505723 0.035341 1.000000
0.403643 0.014261 1.000000
0.298939 0.015597 1.000000
0.195909 0.034839 1.000000
0.095710 0.066347 1.000000
0.000000 0.109731 1.000000
