0
0
30
0.425617 0.053036 1.000000
0.342568 0.122852 1.000000
0.272427 0.205783 1.000000
0.214956 0.297890 1.000000
0.161521 0.392353 1.000000
0.112128 0.489087 1.000000
0.072534 0.590031 1.000000
0.036390 0.692455 1.000000
0.022978 0.800171 1.000000
0.044140 0.902831 1.000000
0.119381 0.970614 1.000000
0.224018 0.985441 1.000000
0.332005 0.976588 1.000000
0.433246 0.937250 1.000000
0.532580 0.894300 1.000000
0.622183 0.832910 1.000000
0.711252 0.770933 1.000000
0.781155 0.687802 1.000000
0.848700 0.603022 1.000000
0.902803 0.508840 1.000000
0.933311 0.406282 1.000000
0.936986 0.298941 1.000000
0.912497 0.194329 1.000000
0.859076 0.100516 1.000000
0.775925 0.033248 1.000000
0.671367 0.008962 1.000000
0.564342 0.023506 1.000000
0.464335 0.065881 1.000000
0.386731 0.141515 1.000000
0.329886 0.233890 1.000000
