0
0
30
0.513304 0.000000 1.000000
0.443743 0.049651 1.000000
0.380034 0.106213 1.000000
0.319602 0.166645 1.000000
0.265622 0.232671 1.000000
0.214365 0.301057 1.000000
0.164041 0.370015 1.000000
0.126446 0.446766 1.000000
0.088852 0.523517 1.000000
0.055615 0.601690 1.000000
0.040659 0.685835 1.000000
0.025703 0.769980 1.000000
0.049957 0.849242 1.000000
0.085090 0.927150 1.000000
0.166252 0.953007 1.000000
0.246929 0.955917 1.000000
0.326132 0.923810 1.000000
0.401252 0.884994 1.000000
0.466148 0.829383 1.000000
0.531043 0.773772 1.000000
0.578313 0.703212 1.000000
0.622587 0.630110 1.000000
0.654478 0.551897 1.000000
0.674666 0.468852 1.000000
0.678663 0.384995 1.000000
0.666880 0.300348 1.000000
0.643318 0.218824 1.000000
0.611612 0.139459 1.000000
0.563595 0.069069 1.000000
0.499832 0.013473 1.000000
