0
0
30
0.117806 0.166367 1.000000
0.111288 0.077059 1.000000
0.045055 0.084826 1.000000
0.024911 0.172041 1.000000
0.015771 0.261489 1.000000
0.014988 0.351376 1.000000
0.014988 0.441300 1.000000
0.027957 0.530151 1.000000
0.043807 0.618665 1.000000
0.068301 0.705093 1.000000
0.096388 0.790510 1.000000
0.133901 0.871714 1.000000
0.194320 0.937436 1.000000
0.272314 0.981631 1.000000
0.356709 0.967333 1.000000
0.415192 0.900935 1.000000
0.454730 0.820501 1.000000
0.478007 0.733655 1.000000
0.498063 0.646001 1.000000
0.517597 0.558225 1.000000
0.534381 0.469965 1.000000
0.538571 0.380321 1.000000
0.521057 0.292314 1.000000
0.493906 0.206986 1.000000
0.440421 0.134860 1.000000
0.373240 0.075605 1.000000
0.295876 0.030055 1.000000
0.210037 0.008094 1.000000
0.122407 0.024480 1.000000
0.047662 0.071942 1.000000
