0
0
30
0.389983 0.450037 1.000000
0.377357 0.333647 1.000000
0.281955 0.313075 1.000000
0.207343 0.402268 1.000000
0.156243 0.507036 1.000000
0.124399 0.618960 1.000000
0.117951 0.735675 1.000000
0.176538 0.837337 1.000000
0.274450 0.900509 1.000000
0.383332 0.941707 1.000000
0.496738 0.970014 1.000000
0.614073 0.970014 1.000000
0.728819 0.952862 1.000000
0.840923 0.918219 1.000000
0.938723 0.854708 1.000000
1.021773 0.774611 1.000000
1.084061 0.675567 1.000000
1.105515 0.560210 1.000000
1.084980 0.446662 1.000000
1.036063 0.342691 1.000000
0.961861 0.251798 1.000000
0.870788 0.180759 1.000000
0.769109 0.122202 1.000000
0.661054 0.081582 1.000000
0.545229 0.062818 1.000000
0.430293 0.060180 1.000000
0.317233 0.091566 1.000000
0.206160 0.127862 1.000000
0.103080 0.183916 1.000000
0.000000 0.239970 1.000000
