0
0
30
0.159241 0.026687 1.000000
0.155279 0.131112 1.000000
0.152186 0.240677 1.000000
0.151048 0.350261 1.000000
0.153234 0.459850 1.000000
0.155340 0.569439 1.000000
0.165254 0.678363 1.000000
0.187515 0.785286 1.000000
0.230374 0.885294 1.000000
0.305476 0.962784 1.000000
0.409574 0.988180 1.000000
0.515485 0.960436 1.000000
0.610353 0.905532 1.000000
0.691465 0.832472 1.000000
0.759719 0.748102 1.000000
0.813442 0.652561 1.000000
0.851114 0.549738 1.000000
0.870240 0.443406 1.000000
0.862900 0.334847 1.000000
0.828805 0.231369 1.000000
0.760609 0.145557 1.000000
0.672246 0.081283 1.000000
0.571929 0.041016 1.000000
0.465359 0.016984 1.000000
0.355836 0.012617 1.000000
0.252293 0.044287 1.000000
0.166880 0.107728 1.000000
0.102550 0.195966 1.000000
0.048059 0.290989 1.000000
0.000000 0.389502 1.000000
