0
0
30
0.301059 0.000000 1.000000
0.226935 0.095278 1.000000
0.174797 0.204894 1.000000
0.130313 0.317830 1.000000
0.087843 0.431512 1.000000
0.051706 0.547344 1.000000
0.023987 0.665468 1.000000
0.009476 0.785745 1.000000
0.057307 0.894084 1.000000
0.161524 0.954251 1.000000
0.279126 0.983547 1.000000
0.399915 0.989317 1.000000
0.518442 0.965304 1.000000
0.629931 0.917947 1.000000
0.730536 0.850411 1.000000
0.819142 0.767828 1.000000
0.892621 0.671496 1.000000
0.947173 0.563087 1.000000
0.998654 0.453223 1.000000
1.039926 0.339230 1.000000
1.034132 0.220898 1.000000
0.963039 0.125473 1.000000
0.856553 0.069092 1.000000
0.738753 0.041170 1.000000
0.617556 0.044450 1.000000
0.497652 0.062539 1.000000
0.379158 0.088836 1.000000
0.263059 0.123528 1.000000
0.156918 0.179330 1.000000
0.123952 0.292016 1.000000
