0
0
30
0.000000 0.196629 1.000000
0.070691 0.240817 1.000000
0.094141 0.324671 1.000000
0.103805 0.411406 1.000000
0.111010 0.498486 1.000000
0.118679 0.585530 1.000000
0.129763 0.672128 1.000000
0.147613 0.757565 1.000000
0.175713 0.839885 1.000000
0.221932 0.913213 1.000000
0.289890 0.965836 1.000000
0.373128 0.987795 1.000000
0.459507 0.981507 1.000000
0.541715 0.954021 1.000000
0.616798 0.910151 1.000000
0.683854 0.854589 1.000000
0.740598 0.788139 1.000000
0.781665 0.711175 1.000000
0.808435 0.628651 1.000000
0.819909 0.542733 1.000000
0.815338 0.455576 1.000000
0.792220 0.371308 1.000000
0.755222 0.292512 1.000000
0.706849 0.220185 1.000000
0.648225 0.155824 1.000000
0.580391 0.101225 1.000000
0.503984 0.059112 1.000000
0.422411 0.028177 1.000000
0.336978 0.011129 1.000000
0.250000 0.014045 1.000000
