0
0
30
0.403585 0.131613 1.000000
0.349754 0.222283 1.000000
0.316632 0.322646 1.000000
0.295075 0.426185 1.000000
0.293524 0.531260 1.000000
0.302104 0.636370 1.000000
0.330635 0.738208 1.000000
0.380940 0.829888 1.000000
0.452490 0.905286 1.000000
0.544906 0.954871 1.000000
0.646786 0.981026 1.000000
0.751083 0.979087 1.000000
0.848303 0.941721 1.000000
0.927499 0.874099 1.000000
0.983974 0.785634 1.000000
1.012752 0.683865 1.000000
1.012593 0.578929 1.000000
0.992956 0.476474 1.000000
0.952151 0.378904 1.000000
0.888356 0.296105 1.000000
0.816570 0.218440 1.000000
0.730762 0.157989 1.000000
0.640186 0.103391 1.000000
0.543396 0.063193 1.000000
0.441533 0.034750 1.000000
0.337905 0.031761 1.000000
0.235848 0.052835 1.000000
0.149774 0.114287 1.000000
0.073069 0.186550 1.000000
0.000000 0.263008 1.000000
