0
0
30
0.943713 0.022403 1.000000
0.854444 0.123044 1.000000
0.772143 0.229754 1.000000
0.699896 0.343482 1.000000
0.647187 0.465609 1.000000
0.627096 0.598467 1.000000
0.650530 0.730965 1.000000
0.722148 0.845006 1.000000
0.830001 0.925839 1.000000
0.958662 0.966446 1.000000
1.091943 0.986313 1.000000
1.225827 0.982118 1.000000
1.353799 0.945673 1.000000
1.446577 0.858162 1.000000
1.484377 0.731704 1.000000
1.481075 0.597844 1.000000
1.435520 0.470851 1.000000
1.365444 0.358283 1.000000
1.276579 0.256767 1.000000
1.167319 0.179249 1.000000
1.052805 0.107912 1.000000
0.925108 0.067812 1.000000
0.794109 0.035536 1.000000
0.660929 0.045310 1.000000
0.527294 0.063859 1.000000
0.408916 0.124779 1.000000
0.294130 0.195678 1.000000
0.190800 0.281056 1.000000
0.095400 0.376456 1.000000
0.000000 0.471857 1.000000
