0
0
30
0.319141 0.064157 1.000000
0.220534 0.162570 1.000000
0.140277 0.275074 1.000000
0.075654 0.397520 1.000000
0.053476 0.535057 1.000000
0.074125 0.666041 1.000000
0.136420 0.790651 1.000000
0.248516 0.865469 1.000000
0.374436 0.921148 1.000000
0.513399 0.911253 1.000000
0.652361 0.901357 1.000000
0.776182 0.838796 1.000000
0.899183 0.773380 1.000000
1.017509 0.701296 1.000000
1.120925 0.607950 1.000000
1.224341 0.514604 1.000000
1.313567 0.409729 1.000000
1.383750 0.289385 1.000000
1.417425 0.166038 1.000000
1.353461 0.056015 1.000000
1.214219 0.051538 1.000000
1.079764 0.077218 1.000000
0.948753 0.124595 1.000000
0.818064 0.172688 1.000000
0.695655 0.239205 1.000000
0.573246 0.305721 1.000000
0.455066 0.378792 1.000000
0.344015 0.462913 1.000000
0.238626 0.552991 1.000000
0.148940 0.659597 1.000000
