0
0
30
0.217943 0.290893 1.000000
0.214869 0.411231 1.000000
0.212604 0.531510 1.000000
0.232956 0.650155 1.000000
0.261939 0.765898 1.000000
0.317385 0.872746 1.000000
0.415532 0.928258 1.000000
0.529222 0.923684 1.000000
0.641468 0.880193 1.000000
0.734587 0.805701 1.000000
0.823806 0.724889 1.000000
0.891811 0.627485 1.000000
0.948744 0.521422 1.000000
0.990818 0.410979 1.000000
1.000521 0.290993 1.000000
0.977732 0.178797 1.000000
0.914675 0.076257 1.000000
0.800037 0.056317 1.000000
0.683565 0.065284 1.000000
0.573558 0.114162 1.000000
0.463551 0.163041 1.000000
0.371356 0.239333 1.000000
0.282002 0.319996 1.000000
0.195391 0.402786 1.000000
0.139516 0.509411 1.000000
0.083641 0.616035 1.000000
0.099837 0.725338 1.000000
0.150523 0.833151 1.000000
0.256956 0.889389 1.000000
0.363389 0.945628 1.000000
