0
1
30
0.438015 0.024918 1.000000
0.304447 0.066138 2.000000
0.216281 0.239529 2.000000
0.128529 0.412949 2.000000
0.056283 0.593369 2.000000
0.016242 0.781872 2.000000
0.074970 0.959662 2.000000
0.265380 0.981118 2.000000
0.438436 0.897562 2.000000
0.561874 0.751111 2.000000
0.613831 0.565885 2.000000
0.572172 0.380856 2.000000
0.424308 0.264292 2.000000
0.276200 0.328383 0.000000
0.266463 0.145450 3.000000
0.381808 0.013281 3.000000
0.481947 0.124197 3.000000
0.539813 0.305120 3.000000
0.477766 0.485908 3.000000
0.465472 0.676346 3.000000
0.409640 0.731859 0.000000
0.309977 0.564755 0.000000
0.210314 0.397651 0.000000
0.262161 0.278144 4.000000
0.444347 0.211915 4.000000
0.561673 0.249136 4.000000
0.595142 0.440794 4.000000
0.597129 0.633597 4.000000
0.494017 0.794159 4.000000
0.305807 0.834638 4.000000
