0
0
30
0.275892 0.586162 1.000000
0.336184 0.683166 1.000000
0.396476 0.780169 1.000000
0.480094 0.856459 1.000000
0.569287 0.927799 1.000000
0.680197 0.942055 1.000000
0.794253 0.948038 1.000000
0.901289 0.909325 1.000000
1.008019 0.868660 1.000000
1.098331 0.801787 1.000000
1.181494 0.723501 1.000000
1.251291 0.635900 1.000000
1.295958 0.530782 1.000000
1.330706 0.424421 1.000000
1.313393 0.311527 1.000000
1.284513 0.204762 1.000000
1.200826 0.127036 1.000000
1.109536 0.066612 1.000000
0.995684 0.057532 1.000000
0.881832 0.048451 1.000000
0.771619 0.071159 1.000000
0.662765 0.105735 1.000000
0.553911 0.140312 1.000000
0.452410 0.188959 1.000000
0.361874 0.258586 1.000000
0.271337 0.328213 1.000000
0.183713 0.400502 1.000000
0.122476 0.496911 1.000000
0.061238 0.593320 1.000000
0.000000 0.689729 1.000000
