0
0
30
0.210538 0.017490 1.000000
0.179480 0.073929 1.000000
0.152908 0.149942 1.000000
0.126196 0.225905 1.000000
0.102367 0.302773 1.000000
0.080915 0.380386 1.000000
0.059464 0.457999 1.000000
0.049895 0.537533 1.000000
0.045810 0.617952 1.000000
0.041726 0.698372 1.000000
0.063774 0.774762 1.000000
0.091891 0.850217 1.000000
0.140807 0.908931 1.000000
0.208508 0.952528 1.000000
0.283509 0.966981 1.000000
0.363767 0.960453 1.000000
0.431300 0.920522 1.000000
0.495559 0.871996 1.000000
0.533587 0.801651 1.000000
0.569598 0.729628 1.000000
0.578704 0.649723 1.000000
0.587256 0.569655 1.000000
0.574792 0.490297 1.000000
0.560857 0.410989 1.000000
0.528079 0.337982 1.000000
0.491502 0.266246 1.000000
0.443870 0.201993 1.000000
0.390854 0.141386 1.000000
0.328635 0.090909 1.000000
0.263227 0.043944 1.000000
