0
0
30
0.220486 0.101584 1.000000
0.181655 0.163778 1.000000
0.150619 0.231460 1.000000
0.120385 0.299504 1.000000
0.094229 0.369223 1.000000
0.068073 0.438941 1.000000
0.049385 0.510899 1.000000
0.032877 0.583510 1.000000
0.020299 0.656495 1.000000
0.022803 0.730917 1.000000
0.025306 0.805338 1.000000
0.054002 0.873646 1.000000
0.091218 0.935138 1.000000
0.158246 0.967574 1.000000
0.229125 0.953369 1.000000
0.291461 0.916486 1.000000
0.345681 0.865446 1.000000
0.386143 0.803716 1.000000
0.422206 0.738568 1.000000
0.442811 0.667753 1.000000
0.457397 0.594732 1.000000
0.464871 0.521165 1.000000
0.461600 0.446773 1.000000
0.458329 0.372381 1.000000
0.441264 0.300204 1.000000
0.421083 0.228527 1.000000
0.395321 0.159305 1.000000
0.356129 0.095989 1.000000
0.307495 0.041739 1.000000
0.245829 0.000000 1.000000
