0
0
30
0.372174 0.011594 1.000000
0.307838 0.075836 1.000000
0.260224 0.153217 1.000000
0.218164 0.233669 1.000000
0.179832 0.316112 1.000000
0.142908 0.399183 1.000000
0.107104 0.482755 1.000000
0.076870 0.567997 1.000000
0.060770 0.657478 1.000000
0.048954 0.746843 1.000000
0.069916 0.835311 1.000000
0.114654 0.907911 1.000000
0.188313 0.961207 1.000000
0.277035 0.952962 1.000000
0.362303 0.925751 1.000000
0.442065 0.882115 1.000000
0.513035 0.827708 1.000000
0.571760 0.758299 1.000000
0.624237 0.685191 1.000000
0.656868 0.600330 1.000000
0.689499 0.515469 1.000000
0.688370 0.425579 1.000000
0.681892 0.334892 1.000000
0.662602 0.247150 1.000000
0.628824 0.162739 1.000000
0.578965 0.090874 1.000000
0.505308 0.037575 1.000000
0.416514 0.031014 1.000000
0.328843 0.048102 1.000000
0.244261 0.081449 1.000000
