0
0
30
0.428479 0.077994 1.000000
0.331859 0.068033 1.000000
0.247160 0.120942 1.000000
0.174899 0.193272 1.000000
0.127713 0.283503 1.000000
0.082785 0.375344 1.000000
0.058839 0.474116 1.000000
0.040227 0.574650 1.000000
0.045718 0.673509 1.000000
0.078050 0.770504 1.000000
0.127506 0.854659 1.000000
0.211555 0.912876 1.000000
0.301471 0.952319 1.000000
0.403713 0.952319 1.000000
0.505256 0.949023 1.000000
0.598680 0.907487 1.000000
0.692105 0.865951 1.000000
0.773298 0.806612 1.000000
0.845572 0.734294 1.000000
0.913997 0.659350 1.000000
0.954993 0.565687 1.000000
0.995989 0.472024 1.000000
0.994140 0.370778 1.000000
0.987782 0.268734 1.000000
0.938154 0.181120 1.000000
0.877847 0.101560 1.000000
0.778514 0.077346 1.000000
0.679190 0.068158 1.000000
0.579886 0.092493 1.000000
0.480583 0.116828 1.000000
