0
0
30
0.336770 0.178694 1.000000
0.256580 0.244176 1.000000
0.186719 0.320219 1.000000
0.126402 0.404412 1.000000
0.076330 0.494954 1.000000
0.033141 0.589095 1.000000
0.011175 0.690168 1.000000
0.014235 0.792613 1.000000
0.055799 0.886321 1.000000
0.137484 0.948369 1.000000
0.235038 0.981610 1.000000
0.337519 0.995570 1.000000
0.441025 0.994113 1.000000
0.543338 0.978444 1.000000
0.642331 0.948375 1.000000
0.736292 0.905115 1.000000
0.823642 0.849710 1.000000
0.901180 0.781388 1.000000
0.960083 0.696460 1.000000
1.003381 0.602567 1.000000
1.034824 0.503955 1.000000
1.053868 0.402208 1.000000
1.057864 0.299005 1.000000
1.035294 0.198932 1.000000
0.969124 0.121317 1.000000
0.877549 0.074102 1.000000
0.776471 0.052399 1.000000
0.673081 0.048061 1.000000
0.569656 0.053381 1.000000
0.494845 0.000000 1.000000
