0
0
30
0.573280 0.066467 1.000000
0.498633 0.033487 1.000000
0.420484 0.099723 1.000000
0.352394 0.176298 1.000000
0.284304 0.252872 1.000000
0.226743 0.337575 1.000000
0.169903 0.422834 1.000000
0.121489 0.511904 1.000000
0.095012 0.610893 1.000000
0.068536 0.709882 1.000000
0.088636 0.806941 1.000000
0.123213 0.903400 1.000000
0.220528 0.930156 1.000000
0.320032 0.947671 1.000000
0.419217 0.921936 1.000000
0.518401 0.896201 1.000000
0.611217 0.854200 1.000000
0.701505 0.805744 1.000000
0.790938 0.756088 1.000000
0.866247 0.686601 1.000000
0.941557 0.617114 1.000000
0.989637 0.528625 1.000000
1.028881 0.433968 1.000000
1.020152 0.334237 1.000000
0.993529 0.237600 1.000000
0.922447 0.163795 1.000000
0.836620 0.115112 1.000000
0.737524 0.089037 1.000000
0.635751 0.088463 1.000000
0.533400 0.093387 1.000000
