0
0
30
0.708686 0.252359 1.000000
0.731155 0.132830 1.000000
0.664232 0.037329 1.000000
0.544550 0.015103 1.000000
0.424462 0.026594 1.000000
0.311181 0.071920 1.000000
0.209254 0.139850 1.000000
0.126158 0.229421 1.000000
0.061869 0.332545 1.000000
0.026123 0.447716 1.000000
0.026075 0.568122 1.000000
0.063321 0.684811 1.000000
0.133218 0.785132 1.000000
0.220098 0.869600 1.000000
0.321634 0.935670 1.000000
0.439324 0.969622 1.000000
0.561204 0.960596 1.000000
0.673228 0.915685 1.000000
0.774039 0.848266 1.000000
0.861824 0.762841 1.000000
0.921673 0.656128 1.000000
0.960570 0.541993 1.000000
0.975298 0.421005 1.000000
0.948227 0.301544 1.000000
0.882265 0.203838 1.000000
0.792963 0.121205 1.000000
0.674548 0.089876 1.000000
0.555363 0.065841 1.000000
0.433017 0.071754 1.000000
0.310670 0.077668 1.000000
