0
0
30
0.787962 0.271172 1.000000
0.703416 0.211327 1.000000
0.618869 0.151481 1.000000
0.533909 0.092502 1.000000
0.434255 0.064240 1.000000
0.334601 0.035979 1.000000
0.240599 0.075313 1.000000
0.152791 0.126197 1.000000
0.098033 0.214124 1.000000
0.057471 0.307890 1.000000
0.034508 0.408896 1.000000
0.035298 0.510650 1.000000
0.051865 0.612900 1.000000
0.095625 0.705051 1.000000
0.149818 0.793327 1.000000
0.224812 0.864198 1.000000
0.306348 0.926244 1.000000
0.402914 0.963721 1.000000
0.503412 0.955827 1.000000
0.599415 0.921626 1.000000
0.686882 0.866137 1.000000
0.759441 0.793607 1.000000
0.826065 0.714292 1.000000
0.863673 0.618184 1.000000
0.874274 0.519339 1.000000
0.846727 0.420931 1.000000
0.770312 0.350999 1.000000
0.689087 0.287725 1.000000
0.598714 0.237104 1.000000
0.508342 0.186484 1.000000
