0
0
30
0.778905 0.197624 1.000000
0.829421 0.095415 1.000000
0.736346 0.027132 1.000000
0.618283 0.016027 1.000000
0.500977 0.039030 1.000000
0.389429 0.082565 1.000000
0.282866 0.136570 1.000000
0.179649 0.196786 1.000000
0.102998 0.288779 1.000000
0.051496 0.393385 1.000000
0.023614 0.509835 1.000000
0.057051 0.624556 1.000000
0.104576 0.731979 1.000000
0.183570 0.821969 1.000000
0.278986 0.889322 1.000000
0.389046 0.936490 1.000000
0.504489 0.958381 1.000000
0.624218 0.960136 1.000000
0.742748 0.951214 1.000000
0.859110 0.922963 1.000000
0.975149 0.893921 1.000000
1.078165 0.832881 1.000000
1.181181 0.771842 1.000000
1.252886 0.676032 1.000000
1.293366 0.570049 1.000000
1.290879 0.450333 1.000000
1.239776 0.343889 1.000000
1.179019 0.241066 1.000000
1.095305 0.155451 1.000000
1.011591 0.069835 1.000000
