0
0
30
0.695558 0.202961 1.000000
0.670867 0.106722 1.000000
0.589078 0.039157 1.000000
0.487525 0.008626 1.000000
0.385024 0.032647 1.000000
0.294821 0.088427 1.000000
0.213605 0.157696 1.000000
0.153494 0.246694 1.000000
0.096906 0.337428 1.000000
0.062944 0.439312 1.000000
0.036397 0.541766 1.000000
0.054418 0.647639 1.000000
0.087170 0.746351 1.000000
0.159301 0.825919 1.000000
0.240804 0.891685 1.000000
0.341367 0.929383 1.000000
0.442089 0.966025 1.000000
0.549308 0.959860 1.000000
0.656527 0.953695 1.000000
0.756428 0.919594 1.000000
0.852899 0.872401 1.000000
0.935335 0.808384 1.000000
0.999054 0.721933 1.000000
1.052437 0.630383 1.000000
1.082272 0.527214 1.000000
1.083124 0.423412 1.000000
1.057820 0.319040 1.000000
0.975378 0.250260 1.000000
0.882520 0.198976 1.000000
0.782593 0.159624 1.000000
