0
0
30
0.814721 0.259345 1.000000
0.844708 0.160524 1.000000
0.791480 0.065662 1.000000
0.696525 0.015297 1.000000
0.587273 0.012151 1.000000
0.479575 0.034128 1.000000
0.376016 0.071274 1.000000
0.278322 0.121909 1.000000
0.190078 0.187273 1.000000
0.117660 0.269637 1.000000
0.060059 0.363414 1.000000
0.019696 0.465768 1.000000
0.003950 0.574549 1.000000
0.017473 0.683664 1.000000
0.053220 0.787346 1.000000
0.119641 0.875137 1.000000
0.203172 0.947115 1.000000
0.307394 0.982370 1.000000
0.416898 0.992579 1.000000
0.525121 0.971461 1.000000
0.629676 0.936787 1.000000
0.723099 0.880915 1.000000
0.802847 0.806218 1.000000
0.865400 0.715548 1.000000
0.905123 0.612688 1.000000
0.914832 0.504557 1.000000
0.898101 0.397510 1.000000
0.853678 0.296591 1.000000
0.790022 0.207198 1.000000
0.721966 0.120443 1.000000
