0
0
30
0.485981 0.000000 1.000000
0.437855 0.094167 1.000000
0.389729 0.188333 1.000000
0.354112 0.287658 1.000000
0.321878 0.388378 1.000000
0.302383 0.491470 1.000000
0.296191 0.597041 1.000000
0.303055 0.700065 1.000000
0.348459 0.795574 1.000000
0.408592 0.877299 1.000000
0.500885 0.928927 1.000000
0.601308 0.946202 1.000000
0.706951 0.941413 1.000000
0.802961 0.903770 1.000000
0.894464 0.850753 1.000000
0.961877 0.771750 1.000000
1.021665 0.684521 1.000000
1.032502 0.580728 1.000000
1.025702 0.478485 1.000000
0.967072 0.390474 1.000000
0.888931 0.328963 1.000000
0.787479 0.299112 1.000000
0.685515 0.274162 1.000000
0.580082 0.282373 1.000000
0.474649 0.290585 1.000000
0.371022 0.307353 1.000000
0.271258 0.342433 1.000000
0.171494 0.377514 1.000000
0.084295 0.435969 1.000000
0.000000 0.499827 1.000000
