0
0
30
0.301387 0.017654 1.000000
0.229070 0.080097 1.000000
0.173057 0.169109 1.000000
0.127695 0.264035 1.000000
0.088458 0.361733 1.000000
0.053178 0.460937 1.000000
0.023659 0.561776 1.000000
0.006457 0.665606 1.000000
0.010732 0.770715 1.000000
0.042795 0.869494 1.000000
0.116401 0.943278 1.000000
0.210220 0.989094 1.000000
0.314449 0.995076 1.000000
0.417146 0.972995 1.000000
0.514599 0.933584 1.000000
0.604985 0.879709 1.000000
0.690297 0.818105 1.000000
0.770743 0.750232 1.000000
0.845810 0.676451 1.000000
0.914440 0.596683 1.000000
0.972909 0.509316 1.000000
1.002867 0.408995 1.000000
0.981521 0.307090 1.000000
0.924758 0.218807 1.000000
0.851559 0.143444 1.000000
0.763338 0.086892 1.000000
0.662125 0.060538 1.000000
0.557818 0.068828 1.000000
0.457416 0.100350 1.000000
0.359395 0.138714 1.000000
