0
0
30
0.592065 0.265259 1.000000
0.521329 0.197691 1.000000
0.428951 0.164391 1.000000
0.331801 0.171776 1.000000
0.243122 0.211999 1.000000
0.166516 0.274227 1.000000
0.114296 0.357063 1.000000
0.066789 0.443418 1.000000
0.040372 0.538512 1.000000
0.017265 0.634024 1.000000
0.019194 0.732700 1.000000
0.035167 0.828174 1.000000
0.077654 0.916632 1.000000
0.162528 0.967001 1.000000
0.257753 0.977769 1.000000
0.353566 0.962676 1.000000
0.443767 0.922620 1.000000
0.517043 0.859987 1.000000
0.580788 0.784639 1.000000
0.617460 0.693745 1.000000
0.645462 0.600039 1.000000
0.638531 0.501588 1.000000
0.627345 0.404059 1.000000
0.592899 0.311570 1.000000
0.551701 0.222737 1.000000
0.493082 0.143336 1.000000
0.421680 0.078171 1.000000
0.335854 0.030604 1.000000
0.237159 0.030604 1.000000
0.153103 0.081638 1.000000
