0
0
30
0.891883 0.337824 1.000000
0.864998 0.227586 1.000000
0.797178 0.139754 1.000000
0.691966 0.099244 1.000000
0.580143 0.091368 1.000000
0.471405 0.124577 1.000000
0.373774 0.180294 1.000000
0.281269 0.246398 1.000000
0.212866 0.337076 1.000000
0.144978 0.428280 1.000000
0.096593 0.530750 1.000000
0.051499 0.635122 1.000000
0.046870 0.748375 1.000000
0.068396 0.853911 1.000000
0.143618 0.936018 1.000000
0.253383 0.965658 1.000000
0.364123 0.963908 1.000000
0.475515 0.941137 1.000000
0.576176 0.890210 1.000000
0.674465 0.833060 1.000000
0.749133 0.748681 1.000000
0.819586 0.659444 1.000000
0.856427 0.552390 1.000000
0.880594 0.442915 1.000000
0.869846 0.329728 1.000000
0.839628 0.221619 1.000000
0.790910 0.119528 1.000000
0.710514 0.039132 1.000000
0.600056 0.027090 1.000000
0.500168 0.081172 1.000000
