0
0
30
0.782109 0.256550 1.000000
0.706323 0.193650 1.000000
0.629953 0.131656 1.000000
0.544764 0.082139 1.000000
0.453059 0.047734 1.000000
0.357225 0.034994 1.000000
0.259794 0.050246 1.000000
0.186701 0.114504 1.000000
0.125011 0.189420 1.000000
0.085468 0.279763 1.000000
0.046735 0.370313 1.000000
0.037992 0.468542 1.000000
0.029249 0.566771 1.000000
0.037955 0.663917 1.000000
0.058779 0.760310 1.000000
0.096139 0.847497 1.000000
0.167110 0.915969 1.000000
0.253713 0.951998 1.000000
0.351492 0.964830 1.000000
0.439156 0.922637 1.000000
0.525879 0.875754 1.000000
0.585057 0.796866 1.000000
0.644236 0.717978 1.000000
0.684545 0.628484 1.000000
0.721178 0.536922 1.000000
0.751848 0.443748 1.000000
0.766388 0.346208 1.000000
0.775168 0.248613 1.000000
0.762510 0.150811 1.000000
0.692332 0.089776 1.000000
