0
0
30
0.027313 0.438375 1.000000
0.014460 0.567224 1.000000
0.041268 0.693490 1.000000
0.116896 0.796361 1.000000
0.222981 0.865405 1.000000
0.341102 0.918458 1.000000
0.467814 0.932729 1.000000
0.597290 0.934516 1.000000
0.726273 0.931736 1.000000
0.852399 0.902416 1.000000
0.978524 0.873097 1.000000
1.104051 0.842375 1.000000
1.212530 0.771667 1.000000
1.321009 0.700959 1.000000
1.415862 0.618376 1.000000
1.471090 0.501256 1.000000
1.504062 0.384836 1.000000
1.441584 0.271418 1.000000
1.366445 0.172556 1.000000
1.245459 0.126408 1.000000
1.124474 0.080259 1.000000
1.000628 0.053225 1.000000
0.871434 0.061944 1.000000
0.742239 0.070663 1.000000
0.615262 0.088308 1.000000
0.496999 0.141045 1.000000
0.378737 0.193783 1.000000
0.271083 0.261263 1.000000
0.183510 0.356647 1.000000
0.095937 0.452031 1.000000
