0
0
30
0.249084 0.021978 1.000000
0.209977 0.119500 1.000000
0.169314 0.216355 1.000000
0.137284 0.316200 1.000000
0.117449 0.419259 1.000000
0.110588 0.524123 1.000000
0.110806 0.629184 1.000000
0.125850 0.732782 1.000000
0.155875 0.833115 1.000000
0.209372 0.922169 1.000000
0.294579 0.980012 1.000000
0.398189 0.989707 1.000000
0.499116 0.961998 1.000000
0.590822 0.911072 1.000000
0.673931 0.846996 1.000000
0.746023 0.770536 1.000000
0.807495 0.685322 1.000000
0.850822 0.589920 1.000000
0.875563 0.488157 1.000000
0.874542 0.383746 1.000000
0.845246 0.283440 1.000000
0.787993 0.195960 1.000000
0.710423 0.125480 1.000000
0.619621 0.073089 1.000000
0.521511 0.036088 1.000000
0.419163 0.013569 1.000000
0.314714 0.004754 1.000000
0.209782 0.007691 1.000000
0.104835 0.012645 1.000000
0.000000 0.007326 1.000000
