0
0
30
0.563898 0.025559 1.000000
0.454037 0.024309 1.000000
0.351174 0.067038 1.000000
0.251966 0.117236 1.000000
0.164118 0.184806 1.000000
0.093326 0.270019 1.000000
0.042403 0.368479 1.000000
0.013591 0.475582 1.000000
0.002151 0.586211 1.000000
0.009763 0.696935 1.000000
0.044101 0.802234 1.000000
0.114167 0.887311 1.000000
0.204377 0.952383 1.000000
0.311165 0.982468 1.000000
0.422480 0.978503 1.000000
0.531468 0.955544 1.000000
0.636689 0.920012 1.000000
0.738461 0.875159 1.000000
0.834549 0.819657 1.000000
0.909009 0.738637 1.000000
0.931908 0.632838 1.000000
0.909847 0.524249 1.000000
0.871914 0.419624 1.000000
0.816781 0.323772 1.000000
0.738702 0.245053 1.000000
0.639120 0.198917 1.000000
0.532001 0.168543 1.000000
0.421737 0.169187 1.000000
0.311664 0.185838 1.000000
0.205112 0.217891 1.000000
