0
0
30
0.274116 0.032154 1.000000
0.180055 0.058420 1.000000
0.125694 0.160354 1.000000
0.100667 0.272868 1.000000
0.096865 0.388413 1.000000
0.101617 0.503889 1.000000
0.134010 0.614565 1.000000
0.190816 0.714571 1.000000
0.267963 0.800251 1.000000
0.355190 0.875953 1.000000
0.453380 0.935236 1.000000
0.562142 0.973615 1.000000
0.675883 0.991334 1.000000
0.791062 0.988273 1.000000
0.902452 0.960601 1.000000
1.003968 0.906415 1.000000
1.089253 0.830806 1.000000
1.082830 0.717426 1.000000
1.039831 0.610178 1.000000
0.987919 0.506854 1.000000
0.930412 0.406502 1.000000
0.865242 0.310913 1.000000
0.776082 0.238661 1.000000
0.674457 0.183873 1.000000
0.564339 0.151503 1.000000
0.450695 0.129919 1.000000
0.336471 0.111555 1.000000
0.221648 0.117559 1.000000
0.107721 0.136693 1.000000
0.000000 0.177251 1.000000
