0
0
30
0.555380 0.000000 1.000000
0.487415 0.126897 1.000000
0.452000 0.265556 1.000000
0.430456 0.407038 1.000000
0.441749 0.550547 1.000000
0.471204 0.688459 1.000000
0.542632 0.813440 1.000000
0.647155 0.899723 1.000000
0.781703 0.950900 1.000000
0.921252 0.967157 1.000000
1.064755 0.955804 1.000000
1.205419 0.933300 1.000000
1.336869 0.874624 1.000000
1.468320 0.815948 1.000000
1.537563 0.690362 1.000000
1.572497 0.561733 1.000000
1.518511 0.428288 1.000000
1.437152 0.317520 1.000000
1.316075 0.239658 1.000000
1.194998 0.161796 1.000000
1.052661 0.144643 1.000000
0.909460 0.129957 1.000000
0.766696 0.119749 1.000000
0.629031 0.161825 1.000000
0.491366 0.203902 1.000000
0.362545 0.262067 1.000000
0.253244 0.355745 1.000000
0.143944 0.449423 1.000000
0.070819 0.572854 1.000000
0.000000 0.698180 1.000000
