0
0
30
0.106645 0.200000 1.000000
0.039403 0.264442 1.000000
0.035437 0.386912 1.000000
0.045176 0.508805 1.000000
0.069696 0.628329 1.000000
0.124529 0.738071 1.000000
0.206166 0.826586 1.000000
0.305677 0.896256 1.000000
0.419739 0.941418 1.000000
0.538660 0.965671 1.000000
0.660949 0.975425 1.000000
0.782409 0.963025 1.000000
0.901098 0.937809 1.000000
1.002078 0.868146 1.000000
1.044600 0.757126 1.000000
1.055194 0.637151 1.000000
1.040620 0.515342 1.000000
1.000392 0.401226 1.000000
0.945529 0.291500 1.000000
0.859386 0.206892 1.000000
0.763108 0.131402 1.000000
0.647237 0.091105 1.000000
0.529639 0.058489 1.000000
0.407675 0.045275 1.000000
0.287397 0.057738 1.000000
0.170089 0.090591 1.000000
0.074679 0.167706 1.000000
0.012891 0.272330 1.000000
0.008317 0.391894 1.000000
0.119934 0.373422 1.000000
