0
0
30
0.148418 0.000000 1.000000
0.104873 0.093594 1.000000
0.063894 0.188299 1.000000
0.033485 0.286784 1.000000
0.014917 0.388119 1.000000
0.004640 0.490767 1.000000
0.001830 0.593792 1.000000
0.009890 0.696703 1.000000
0.029003 0.798149 1.000000
0.068070 0.893463 1.000000
0.140028 0.965354 1.000000
0.238656 0.989835 1.000000
0.340074 0.975540 1.000000
0.435843 0.938367 1.000000
0.524342 0.885575 1.000000
0.604155 0.820104 1.000000
0.673233 0.743690 1.000000
0.733398 0.660218 1.000000
0.783482 0.570266 1.000000
0.819370 0.473569 1.000000
0.828787 0.370768 1.000000
0.802243 0.271442 1.000000
0.739149 0.190450 1.000000
0.652932 0.134454 1.000000
0.555732 0.099905 1.000000
0.454642 0.078990 1.000000
0.352107 0.067412 1.000000
0.249676 0.054637 1.000000
0.147836 0.037904 1.000000
0.048662 0.009732 1.000000
