0
0
30
0.500000 0.034783 1.000000
0.419712 0.027506 1.000000
0.340444 0.031813 1.000000
0.262666 0.053020 1.000000
0.199917 0.100691 1.000000
0.141863 0.156628 1.000000
0.106261 0.228321 1.000000
0.073396 0.301936 1.000000
0.052414 0.378416 1.000000
0.048115 0.458919 1.000000
0.043816 0.539421 1.000000
0.062516 0.616482 1.000000
0.090198 0.692198 1.000000
0.119792 0.766571 1.000000
0.181609 0.818318 1.000000
0.243427 0.870066 1.000000
0.311630 0.907874 1.000000
0.391189 0.920894 1.000000
0.470748 0.933913 1.000000
0.550102 0.928025 1.000000
0.629359 0.913277 1.000000
0.690981 0.869938 1.000000
0.739731 0.805730 1.000000
0.746268 0.727961 1.000000
0.742136 0.647664 1.000000
0.720271 0.570068 1.000000
0.696159 0.493359 1.000000
0.659125 0.421752 1.000000
0.611930 0.357260 1.000000
0.558261 0.302319 1.000000
