0
0
30
0.241513 0.069188 1.000000
0.147483 0.042576 1.000000
0.085808 0.121727 1.000000
0.053014 0.219738 1.000000
0.029981 0.321707 1.000000
0.028649 0.426097 1.000000
0.028649 0.530636 1.000000
0.051160 0.631840 1.000000
0.081463 0.731890 1.000000
0.144580 0.813684 1.000000
0.214128 0.891410 1.000000
0.313315 0.924427 1.000000
0.412503 0.957444 1.000000
0.516283 0.968383 1.000000
0.620409 0.977665 1.000000
0.723481 0.972145 1.000000
0.825243 0.948214 1.000000
0.905108 0.891947 1.000000
0.950536 0.803233 1.000000
0.930654 0.700603 1.000000
0.902312 0.600461 1.000000
0.863464 0.503409 1.000000
0.815692 0.411373 1.000000
0.752969 0.327742 1.000000
0.681587 0.252556 1.000000
0.597692 0.191058 1.000000
0.498634 0.160865 1.000000
0.394552 0.166650 1.000000
0.291636 0.184784 1.000000
0.189514 0.207134 1.000000
