0
0
30
0.291796 0.437175 1.000000
0.182020 0.419288 1.000000
0.092939 0.485232 1.000000
0.049048 0.592552 1.000000
0.060031 0.708279 1.000000
0.130112 0.793190 1.000000
0.222893 0.861027 1.000000
0.333160 0.897834 1.000000
0.443427 0.934640 1.000000
0.558997 0.944489 1.000000
0.674989 0.952196 1.000000
0.790843 0.954866 1.000000
0.906241 0.940836 1.000000
1.021639 0.926806 1.000000
1.120252 0.870634 1.000000
1.209423 0.798952 1.000000
1.225266 0.683789 1.000000
1.221037 0.571690 1.000000
1.171562 0.466496 1.000000
1.120550 0.362282 1.000000
1.046109 0.272996 1.000000
0.971667 0.183711 1.000000
0.877906 0.117475 1.000000
0.776986 0.059781 1.000000
0.664358 0.037780 1.000000
0.549519 0.034454 1.000000
0.436930 0.062960 1.000000
0.348612 0.138548 1.000000
0.344106 0.250159 1.000000
0.396158 0.354102 1.000000
