0
0
30
0.280374 0.247664 1.000000
0.215166 0.284181 1.000000
0.163195 0.374175 1.000000
0.114528 0.465935 1.000000
0.072739 0.561050 1.000000
0.036073 0.658270 1.000000
0.014115 0.759580 1.000000
0.033247 0.857760 1.000000
0.105018 0.930634 1.000000
0.197980 0.974267 1.000000
0.299412 0.991134 1.000000
0.402409 0.981490 1.000000
0.502786 0.955076 1.000000
0.599531 0.917113 1.000000
0.690060 0.866330 1.000000
0.774829 0.806726 1.000000
0.852752 0.738378 1.000000
0.920680 0.659724 1.000000
0.973214 0.570248 1.000000
1.011152 0.473971 1.000000
1.028561 0.372331 1.000000
1.015180 0.270586 1.000000
0.957886 0.186523 1.000000
0.869675 0.132964 1.000000
0.770338 0.103027 1.000000
0.667928 0.085841 1.000000
0.564385 0.077867 1.000000
0.461029 0.067341 1.000000
0.359832 0.044676 1.000000
0.266355 0.000000 1.000000
