0
0
30
0.249196 0.210611 1.000000
0.232092 0.198003 1.000000
0.166803 0.285946 1.000000
0.114668 0.383082 1.000000
0.069365 0.483609 1.000000
0.034502 0.588170 1.000000
0.010870 0.695734 1.000000
0.001900 0.805435 1.000000
0.028148 0.911392 1.000000
0.114687 0.977177 1.000000
0.223044 0.994711 1.000000
0.332779 0.987534 1.000000
0.440214 0.963079 1.000000
0.543385 0.924245 1.000000
0.641117 0.873236 1.000000
0.731690 0.810468 1.000000
0.813925 0.737206 1.000000
0.886583 0.654499 1.000000
0.947901 0.563141 1.000000
0.996256 0.464297 1.000000
1.027362 0.358906 1.000000
1.035223 0.249345 1.000000
1.003764 0.144857 1.000000
0.931685 0.063294 1.000000
0.832305 0.017957 1.000000
0.723111 0.005359 1.000000
0.613567 0.014637 1.000000
0.508024 0.045412 1.000000
0.413185 0.100399 1.000000
0.339228 0.181672 1.000000
