0
0
30
0.047423 0.329897 1.000000
0.027347 0.403453 1.000000
0.012418 0.478143 1.000000
0.006186 0.553995 1.000000
0.010112 0.629930 1.000000
0.023618 0.704939 1.000000
0.042913 0.778715 1.000000
0.069647 0.850107 1.000000
0.100568 0.919786 1.000000
0.149067 0.977037 1.000000
0.219287 0.974004 1.000000
0.264952 0.913825 1.000000
0.295923 0.844140 1.000000
0.322254 0.772578 1.000000
0.345786 0.700081 1.000000
0.367297 0.626923 1.000000
0.384289 0.552583 1.000000
0.399178 0.477840 1.000000
0.410900 0.402488 1.000000
0.418513 0.326648 1.000000
0.423016 0.250595 1.000000
0.421481 0.174353 1.000000
0.408966 0.099234 1.000000
0.372945 0.033938 1.000000
0.299485 0.015735 1.000000
0.224634 0.024796 1.000000
0.156428 0.058900 1.000000
0.097386 0.106521 1.000000
0.047714 0.164019 1.000000
0.012371 0.230928 1.000000
