0
0
30
0.176768 0.101010 1.000000
0.164656 0.229636 1.000000
0.162210 0.358618 1.000000
0.178710 0.486557 1.000000
0.213617 0.610735 1.000000
0.271399 0.726299 1.000000
0.352128 0.826565 1.000000
0.453895 0.904493 1.000000
0.570210 0.957879 1.000000
0.695834 0.982532 1.000000
0.824356 0.979724 1.000000
0.949376 0.947110 1.000000
1.064993 0.889970 1.000000
1.169783 0.815743 1.000000
1.262153 0.726111 1.000000
1.339276 0.623149 1.000000
1.391029 0.505146 1.000000
1.406228 0.378270 1.000000
1.363461 0.258797 1.000000
1.271053 0.171842 1.000000
1.153979 0.119752 1.000000
1.028029 0.091457 1.000000
0.899365 0.079653 1.000000
0.770412 0.072213 1.000000
0.641321 0.066817 1.000000
0.512286 0.060200 1.000000
0.383270 0.053242 1.000000
0.254430 0.044350 1.000000
0.126502 0.026286 1.000000
0.000000 0.000000 1.000000
