0
0
30
0.303989 0.046768 1.000000
0.246975 0.121942 1.000000
0.193938 0.199959 1.000000
0.149027 0.282892 1.000000
0.109644 0.368607 1.000000
0.075674 0.456609 1.000000
0.046736 0.546384 1.000000
0.023880 0.637892 1.000000
0.007989 0.730822 1.000000
0.002116 0.824881 1.000000
0.015606 0.917669 1.000000
0.072395 0.987982 1.000000
0.164303 0.989112 1.000000
0.250442 0.951698 1.000000
0.328781 0.899310 1.000000
0.401766 0.839615 1.000000
0.469288 0.773865 1.000000
0.531418 0.702942 1.000000
0.588126 0.627650 1.000000
0.638723 0.548106 1.000000
0.682828 0.464775 1.000000
0.719698 0.378000 1.000000
0.747783 0.288009 1.000000
0.764381 0.195363 1.000000
0.763660 0.101278 1.000000
0.716752 0.021748 1.000000
0.626126 0.005005 1.000000
0.534496 0.026119 1.000000
0.447888 0.063065 1.000000
0.368638 0.114168 1.000000
