0
0
30
0.204641 0.113924 1.000000
0.139916 0.203558 1.000000
0.094003 0.306556 1.000000
0.055460 0.412581 1.000000
0.026356 0.521604 1.000000
0.008318 0.632954 1.000000
0.002550 0.745549 1.000000
0.017798 0.856986 1.000000
0.076995 0.949788 1.000000
0.179123 0.993750 1.000000
0.291622 0.994321 1.000000
0.402438 0.973783 1.000000
0.509572 0.938497 1.000000
0.611282 0.889699 1.000000
0.705787 0.828279 1.000000
0.788624 0.752050 1.000000
0.854060 0.660637 1.000000
0.892202 0.554888 1.000000
0.893165 0.442671 1.000000
0.866032 0.333459 1.000000
0.816151 0.232347 1.000000
0.751708 0.139920 1.000000
0.671916 0.060410 1.000000
0.571915 0.009939 1.000000
0.460242 0.007848 1.000000
0.352585 0.040724 1.000000
0.252776 0.092911 1.000000
0.165991 0.164782 1.000000
0.096399 0.253149 1.000000
0.075949 0.362869 1.000000
