0
0
30
0.432638 0.015180 1.000000
0.333350 0.010433 1.000000
0.251484 0.067127 1.000000
0.188541 0.145093 1.000000
0.135315 0.229963 1.000000
0.090954 0.319828 1.000000
0.054962 0.413330 1.000000
0.027788 0.509768 1.000000
0.010454 0.608391 1.000000
0.005907 0.708364 1.000000
0.019138 0.807249 1.000000
0.060182 0.897449 1.000000
0.133227 0.964378 1.000000
0.228661 0.992093 1.000000
0.327849 0.985132 1.000000
0.422025 0.951911 1.000000
0.507741 0.900518 1.000000
0.583920 0.835685 1.000000
0.649608 0.760240 1.000000
0.704801 0.676742 1.000000
0.749946 0.587348 1.000000
0.785128 0.493567 1.000000
0.809274 0.396392 1.000000
0.819205 0.296846 1.000000
0.809011 0.197533 1.000000
0.770621 0.105817 1.000000
0.699775 0.035926 1.000000
0.604650 0.005544 1.000000
0.504598 0.004925 1.000000
0.408918 0.029412 1.000000
