0
0
30
0.157252 0.000000 1.000000
0.088989 0.045808 1.000000
0.042018 0.112361 1.000000
0.016694 0.190821 1.000000
0.006450 0.272741 1.000000
0.004580 0.355234 1.000000
0.008214 0.437663 1.000000
0.016454 0.519843 1.000000
0.030912 0.601172 1.000000
0.049854 0.681501 1.000000
0.073538 0.760562 1.000000
0.102849 0.837725 1.000000
0.143124 0.909845 1.000000
0.199925 0.968889 1.000000
0.277778 0.988846 1.000000
0.353808 0.960504 1.000000
0.411469 0.901655 1.000000
0.456518 0.832571 1.000000
0.491125 0.757673 1.000000
0.513880 0.678265 1.000000
0.523519 0.596231 1.000000
0.519024 0.513916 1.000000
0.500557 0.433676 1.000000
0.467908 0.358193 1.000000
0.421718 0.290143 1.000000
0.363115 0.232427 1.000000
0.294339 0.187156 1.000000
0.219238 0.153005 1.000000
0.139806 0.130736 1.000000
0.058015 0.131298 1.000000
