0
0
30
0.345291 0.316143 1.000000
0.332240 0.433196 1.000000
0.334791 0.550793 1.000000
0.356849 0.666336 1.000000
0.399637 0.776011 1.000000
0.467652 0.871820 1.000000
0.559607 0.944040 1.000000
0.670050 0.981819 1.000000
0.787085 0.986020 1.000000
0.901203 0.959643 1.000000
1.007944 0.910423 1.000000
1.102560 0.840851 1.000000
1.183355 0.755491 1.000000
1.245828 0.656142 1.000000
1.286113 0.545981 1.000000
1.303592 0.429891 1.000000
1.294860 0.312926 1.000000
1.257257 0.201851 1.000000
1.184458 0.109776 1.000000
1.083231 0.049886 1.000000
0.970364 0.016288 1.000000
0.852613 0.011055 1.000000
0.735756 0.024876 1.000000
0.621000 0.050770 1.000000
0.508788 0.086202 1.000000
0.399904 0.131336 1.000000
0.294523 0.184121 1.000000
0.193032 0.243862 1.000000
0.094650 0.308736 1.000000
0.000000 0.378924 1.000000
