0
0
30
0.185910 0.056751 1.000000
0.198358 0.042391 1.000000
0.175029 0.117994 1.000000
0.161202 0.196002 1.000000
0.152683 0.274835 1.000000
0.149199 0.354084 1.000000
0.149974 0.433352 1.000000
0.153054 0.512608 1.000000
0.161601 0.591473 1.000000
0.173086 0.669866 1.000000
0.189595 0.747455 1.000000
0.213088 0.823130 1.000000
0.247757 0.893297 1.000000
0.300561 0.950973 1.000000
0.372768 0.965970 1.000000
0.424430 0.913227 1.000000
0.451381 0.838900 1.000000
0.469112 0.761710 1.000000
0.480695 0.683324 1.000000
0.487208 0.604281 1.000000
0.484805 0.524992 1.000000
0.475081 0.446432 1.000000
0.456170 0.369728 1.000000
0.424530 0.297420 1.000000
0.376403 0.235106 1.000000
0.311698 0.190503 1.000000
0.236857 0.165413 1.000000
0.158408 0.154876 1.000000
0.079145 0.155113 1.000000
0.000000 0.160470 1.000000
