0
0
30
0.278245 0.000000 1.000000
0.207551 0.072926 1.000000
0.142481 0.150788 1.000000
0.093404 0.238728 1.000000
0.055844 0.332932 1.000000
0.029700 0.431076 1.000000
0.014398 0.531190 1.000000
0.008821 0.632066 1.000000
0.028829 0.731493 1.000000
0.070591 0.823949 1.000000
0.136502 0.900579 1.000000
0.225895 0.948794 1.000000
0.323930 0.973595 1.000000
0.424709 0.977440 1.000000
0.523070 0.958242 1.000000
0.613913 0.913737 1.000000
0.694813 0.853065 1.000000
0.761002 0.776748 1.000000
0.807784 0.687122 1.000000
0.830642 0.588524 1.000000
0.818095 0.487830 1.000000
0.788296 0.391116 1.000000
0.744871 0.299739 1.000000
0.687930 0.216524 1.000000
0.613282 0.148000 1.000000
0.529119 0.091629 1.000000
0.436709 0.050332 1.000000
0.338161 0.027166 1.000000
0.237054 0.026967 1.000000
0.140056 0.055089 1.000000
