0
0
30
0.286697 0.087156 1.000000
0.185341 0.108788 1.000000
0.123989 0.208508 1.000000
0.075752 0.315175 1.000000
0.037663 0.425801 1.000000
0.013756 0.540317 1.000000
0.007013 0.656803 1.000000
0.026560 0.771528 1.000000
0.082686 0.872853 1.000000
0.175209 0.943122 1.000000
0.285628 0.980364 1.000000
0.401877 0.989779 1.000000
0.517802 0.976287 1.000000
0.629812 0.943245 1.000000
0.731691 0.888034 1.000000
0.822583 0.814116 1.000000
0.898150 0.724615 1.000000
0.963644 0.628001 1.000000
1.017620 0.524532 1.000000
1.049405 0.411973 1.000000
1.062446 0.295944 1.000000
1.048271 0.180465 1.000000
0.997888 0.076289 1.000000
0.898041 0.021833 1.000000
0.782567 0.006016 1.000000
0.665827 0.011465 1.000000
0.551997 0.036871 1.000000
0.446534 0.087009 1.000000
0.357645 0.162601 1.000000
0.323394 0.266055 1.000000
