0
0
30
0.286139 0.270297 1.000000
0.319743 0.161468 1.000000
0.303959 0.052790 1.000000
0.214241 0.077081 1.000000
0.151523 0.172242 1.000000
0.102597 0.275429 1.000000
0.062333 0.382248 1.000000
0.031637 0.492196 1.000000
0.012363 0.604594 1.000000
0.009958 0.718461 1.000000
0.034378 0.829308 1.000000
0.102288 0.919238 1.000000
0.200773 0.975422 1.000000
0.313105 0.994166 1.000000
0.426880 0.988614 1.000000
0.535940 0.956617 1.000000
0.635807 0.901579 1.000000
0.726090 0.832050 1.000000
0.799750 0.745736 1.000000
0.846136 0.641848 1.000000
0.868932 0.530207 1.000000
0.866409 0.416521 1.000000
0.846499 0.304237 1.000000
0.811820 0.195615 1.000000
0.746834 0.103379 1.000000
0.654751 0.036721 1.000000
0.546853 0.003295 1.000000
0.432691 0.002251 1.000000
0.362247 0.070536 1.000000
0.397030 0.179208 1.000000
