0
0
30
0.151767 0.000000 1.000000
0.098666 0.074584 1.000000
0.065249 0.160128 1.000000
0.042270 0.249147 1.000000
0.024870 0.339431 1.000000
0.012054 0.430485 1.000000
0.003824 0.522054 1.000000
0.000693 0.613949 1.000000
0.003202 0.705826 1.000000
0.016957 0.796523 1.000000
0.049276 0.882426 1.000000
0.104127 0.954760 1.000000
0.187028 0.992783 1.000000
0.278300 0.993303 1.000000
0.365440 0.965076 1.000000
0.442756 0.915618 1.000000
0.510439 0.853477 1.000000
0.565943 0.780279 1.000000
0.611085 0.700197 1.000000
0.648563 0.616291 1.000000
0.673690 0.527952 1.000000
0.684830 0.436791 1.000000
0.680033 0.345110 1.000000
0.657789 0.256041 1.000000
0.617865 0.173481 1.000000
0.560599 0.101832 1.000000
0.486585 0.047712 1.000000
0.401549 0.013707 1.000000
0.311970 0.021452 1.000000
0.230769 0.064449 1.000000
