0
0
30
0.169648 0.357143 1.000000
0.119152 0.456209 1.000000
0.077159 0.558702 1.000000
0.044856 0.665100 1.000000
0.047213 0.775664 1.000000
0.087655 0.870506 1.000000
0.171463 0.941513 1.000000
0.281749 0.955690 1.000000
0.391225 0.961088 1.000000
0.497055 0.926972 1.000000
0.602886 0.892857 1.000000
0.697366 0.837037 1.000000
0.785763 0.769584 1.000000
0.870960 0.699371 1.000000
0.924667 0.602008 1.000000
0.978374 0.504645 1.000000
0.992953 0.397490 1.000000
0.991435 0.286307 1.000000
0.943637 0.189807 1.000000
0.880685 0.098224 1.000000
0.772547 0.072338 1.000000
0.664467 0.049159 1.000000
0.557551 0.079701 1.000000
0.450634 0.110244 1.000000
0.354561 0.161444 1.000000
0.268699 0.232095 1.000000
0.182836 0.302746 1.000000
0.117890 0.391761 1.000000
0.058945 0.486045 1.000000
0.000000 0.580329 1.000000
