0
0
30
0.500675 0.000000 1.000000
0.404670 0.023467 1.000000
0.317377 0.068178 1.000000
0.245178 0.135388 1.000000
0.186486 0.214751 1.000000
0.133536 0.298176 1.000000
0.090257 0.386810 1.000000
0.056502 0.479505 1.000000
0.029958 0.574649 1.000000
0.012146 0.671530 1.000000
0.014564 0.770024 1.000000
0.045494 0.863579 1.000000
0.100139 0.944580 1.000000
0.187140 0.986656 1.000000
0.285017 0.983680 1.000000
0.375939 0.946179 1.000000
0.450893 0.881759 1.000000
0.521051 0.812156 1.000000
0.581761 0.734752 1.000000
0.634564 0.651286 1.000000
0.680822 0.564266 1.000000
0.702219 0.467777 1.000000
0.703104 0.369041 1.000000
0.682120 0.272791 1.000000
0.638339 0.184898 1.000000
0.559939 0.127943 1.000000
0.463905 0.106613 1.000000
0.365434 0.111073 1.000000
0.271077 0.138429 1.000000
0.214575 0.214575 1.000000
