0
0
30
0.000000 0.260870 1.000000
0.100363 0.272296 1.000000
0.124174 0.366020 1.000000
0.113044 0.469021 1.000000
0.099225 0.571649 1.000000
0.091751 0.674965 1.000000
0.099334 0.778127 1.000000
0.131810 0.876171 1.000000
0.195415 0.956319 1.000000
0.288875 0.996656 1.000000
0.390265 0.981853 1.000000
0.476579 0.925996 1.000000
0.542269 0.845988 1.000000
0.578838 0.749272 1.000000
0.592133 0.646832 1.000000
0.590304 0.543232 1.000000
0.584650 0.439774 1.000000
0.575485 0.336551 1.000000
0.565004 0.233499 1.000000
0.536110 0.134349 1.000000
0.477128 0.050023 1.000000
0.385693 0.010282 1.000000
0.296078 0.056379 1.000000
0.233189 0.138210 1.000000
0.189350 0.232089 1.000000
0.154844 0.329765 1.000000
0.125459 0.429045 1.000000
0.102714 0.530142 1.000000
0.089350 0.632581 1.000000
0.083851 0.736025 1.000000
