0
0
30
0.076923 0.514286 1.000000
0.065934 0.617564 1.000000
0.065934 0.722095 1.000000
0.081929 0.824860 1.000000
0.131722 0.916171 1.000000
0.221989 0.968000 1.000000
0.323112 0.993459 1.000000
0.425008 0.976862 1.000000
0.509345 0.916624 1.000000
0.556149 0.823859 1.000000
0.576038 0.721593 1.000000
0.577601 0.617094 1.000000
0.572296 0.512721 1.000000
0.560213 0.408905 1.000000
0.539810 0.306413 1.000000
0.508498 0.206739 1.000000
0.461670 0.113488 1.000000
0.392509 0.035962 1.000000
0.296175 0.002386 1.000000
0.194602 0.025266 1.000000
0.113763 0.090555 1.000000
0.060407 0.179959 1.000000
0.030679 0.280059 1.000000
0.012408 0.382859 1.000000
0.003138 0.486962 1.000000
0.004029 0.591393 1.000000
0.015373 0.695267 1.000000
0.032983 0.798285 1.000000
0.053276 0.900823 1.000000
0.085714 1.000000 1.000000
