0
0
30
0.076037 0.248848 1.000000
0.057986 0.332373 1.000000
0.039935 0.415898 1.000000
0.028600 0.500313 1.000000
0.024266 0.585656 1.000000
0.023565 0.670766 1.000000
0.038784 0.754853 1.000000
0.060315 0.836092 1.000000
0.113296 0.903139 1.000000
0.181296 0.948523 1.000000
0.262732 0.973405 1.000000
0.346464 0.956341 1.000000
0.429320 0.936940 1.000000
0.503600 0.894695 1.000000
0.577881 0.852450 1.000000
0.645280 0.800058 1.000000
0.712008 0.746676 1.000000
0.766600 0.681543 1.000000
0.817803 0.613129 1.000000
0.842687 0.531397 1.000000
0.846424 0.448269 1.000000
0.828396 0.365443 1.000000
0.783934 0.292468 1.000000
0.727745 0.229712 1.000000
0.661531 0.175695 1.000000
0.588939 0.131021 1.000000
0.514500 0.089057 1.000000
0.435093 0.057485 1.000000
0.355095 0.027517 1.000000
0.274194 0.000000 1.000000
