0
0
30
0.000000 0.050209 1.000000
0.009220 0.135239 1.000000
0.015601 0.220502 1.000000
0.020039 0.305914 1.000000
0.023893 0.391352 1.000000
0.034064 0.476273 1.000000
0.049956 0.560203 1.000000
0.070875 0.643048 1.000000
0.098664 0.723936 1.000000
0.134590 0.801437 1.000000
0.180381 0.873105 1.000000
0.238758 0.934839 1.000000
0.311221 0.978344 1.000000
0.394099 0.996636 1.000000
0.477677 0.983524 1.000000
0.547264 0.935723 1.000000
0.594455 0.865199 1.000000
0.619644 0.784140 1.000000
0.630567 0.699455 1.000000
0.629874 0.614242 1.000000
0.620288 0.529304 1.000000
0.604953 0.445287 1.000000
0.580165 0.363429 1.000000
0.548784 0.283874 1.000000
0.507306 0.209308 1.000000
0.456509 0.140753 1.000000
0.395078 0.081892 1.000000
0.323335 0.035971 1.000000
0.242168 0.011726 1.000000
0.156904 0.008368 1.000000
