0
0
30
0.636329 0.091012 1.000000
0.538854 0.053818 1.000000
0.435662 0.052757 1.000000
0.337980 0.091218 1.000000
0.259496 0.161006 1.000000
0.188256 0.236637 1.000000
0.136647 0.328106 1.000000
0.088885 0.420956 1.000000
0.070506 0.524359 1.000000
0.052127 0.627762 1.000000
0.086377 0.725762 1.000000
0.125382 0.823275 1.000000
0.206228 0.886153 1.000000
0.294737 0.942688 1.000000
0.395979 0.961766 1.000000
0.500606 0.970891 1.000000
0.602121 0.955132 1.000000
0.701280 0.920527 1.000000
0.794923 0.875452 1.000000
0.879533 0.813234 1.000000
0.947527 0.738411 1.000000
0.984643 0.640164 1.000000
0.995541 0.539883 1.000000
0.974028 0.437086 1.000000
0.937274 0.341638 1.000000
0.870238 0.260792 1.000000
0.803202 0.179945 1.000000
0.720437 0.116555 1.000000
0.633066 0.058278 1.000000
0.545695 0.000000 1.000000
