0
0
30
0.427609 0.057239 1.000000
0.339494 0.023063 1.000000
0.258075 0.081352 1.000000
0.189284 0.154146 1.000000
0.131959 0.236420 1.000000
0.085112 0.325073 1.000000
0.047860 0.418206 1.000000
0.021115 0.514793 1.000000
0.007262 0.614042 1.000000
0.010178 0.714074 1.000000
0.035318 0.810748 1.000000
0.086897 0.895808 1.000000
0.163953 0.959192 1.000000
0.259815 0.987954 1.000000
0.359439 0.992919 1.000000
0.457832 0.974282 1.000000
0.549242 0.933662 1.000000
0.631443 0.876200 1.000000
0.699637 0.802663 1.000000
0.756002 0.719591 1.000000
0.796964 0.628039 1.000000
0.822730 0.531103 1.000000
0.828046 0.431056 1.000000
0.808698 0.332745 1.000000
0.762008 0.244364 1.000000
0.688614 0.176705 1.000000
0.599276 0.132022 1.000000
0.502206 0.106593 1.000000
0.402975 0.091007 1.000000
0.303030 0.080808 1.000000
