0
0
30
0.179669 0.035461 1.000000
0.168672 0.066942 1.000000
0.134888 0.146345 1.000000
0.105855 0.227596 1.000000
0.080310 0.310035 1.000000
0.056052 0.392874 1.000000
0.037009 0.477065 1.000000
0.020199 0.561693 1.000000
0.006177 0.646864 1.000000
0.003357 0.733077 1.000000
0.013244 0.818716 1.000000
0.044858 0.898487 1.000000
0.100652 0.963385 1.000000
0.180696 0.992841 1.000000
0.263337 0.971120 1.000000
0.338045 0.928279 1.000000
0.403705 0.872560 1.000000
0.454456 0.802988 1.000000
0.492569 0.725688 1.000000
0.519712 0.643867 1.000000
0.535176 0.558976 1.000000
0.538452 0.472720 1.000000
0.528433 0.387039 1.000000
0.498861 0.306254 1.000000
0.460297 0.229363 1.000000
0.413231 0.157232 1.000000
0.356367 0.092291 1.000000
0.281189 0.050278 1.000000
0.198378 0.026724 1.000000
0.113475 0.029551 1.000000
