0
0
30
0.415347 0.010962 1.000000
0.323161 0.023226 1.000000
0.236381 0.056708 1.000000
0.166556 0.117748 1.000000
0.115253 0.195448 1.000000
0.077471 0.280713 1.000000
0.044246 0.367893 1.000000
0.018203 0.457442 1.000000
0.004236 0.549577 1.000000
0.005048 0.642761 1.000000
0.027848 0.733089 1.000000
0.067244 0.817548 1.000000
0.118794 0.895230 1.000000
0.185117 0.960155 1.000000
0.270402 0.995982 1.000000
0.362472 0.988253 1.000000
0.444025 0.943894 1.000000
0.513678 0.881968 1.000000
0.575675 0.812280 1.000000
0.629316 0.736018 1.000000
0.668250 0.651472 1.000000
0.687495 0.560321 1.000000
0.690868 0.467246 1.000000
0.679550 0.374709 1.000000
0.660057 0.283488 1.000000
0.630359 0.195120 1.000000
0.582400 0.115394 1.000000
0.514156 0.052535 1.000000
0.431397 0.009738 1.000000
0.344702 0.029233 1.000000
