0
0
30
0.088832 0.294416 1.000000
0.181843 0.298763 1.000000
0.219198 0.396390 1.000000
0.246485 0.497748 1.000000
0.282314 0.596440 1.000000
0.326376 0.691561 1.000000
0.382437 0.780439 1.000000
0.450813 0.860209 1.000000
0.531818 0.926360 1.000000
0.625413 0.971803 1.000000
0.727949 0.984993 1.000000
0.823705 0.951648 1.000000
0.908495 0.890787 1.000000
0.978270 0.812216 1.000000
1.029388 0.721212 1.000000
1.066338 0.624074 1.000000
1.076097 0.519631 1.000000
1.062025 0.415496 1.000000
1.026574 0.316975 1.000000
0.972442 0.227760 1.000000
0.901348 0.151639 1.000000
0.815952 0.091356 1.000000
0.720709 0.047176 1.000000
0.618567 0.022498 1.000000
0.514161 0.013417 1.000000
0.409464 0.017095 1.000000
0.305603 0.032040 1.000000
0.203252 0.055767 1.000000
0.101845 0.083311 1.000000
0.000000 0.109137 1.000000
