0
0
30
0.133188 0.078603 1.000000
0.108565 0.160826 1.000000
0.084502 0.243212 1.000000
0.061505 0.325905 1.000000
0.042772 0.409648 1.000000
0.026451 0.493900 1.000000
0.013127 0.578641 1.000000
0.004883 0.664072 1.000000
0.000303 0.749781 1.000000
0.004999 0.835448 1.000000
0.027799 0.917595 1.000000
0.084643 0.979082 1.000000
0.167515 0.993032 1.000000
0.250898 0.974733 1.000000
0.329186 0.940112 1.000000
0.401933 0.894900 1.000000
0.468199 0.840691 1.000000
0.527062 0.778563 1.000000
0.577543 0.709389 1.000000
0.618634 0.634104 1.000000
0.646904 0.553062 1.000000
0.662622 0.468802 1.000000
0.668950 0.383316 1.000000
0.665133 0.297754 1.000000
0.650358 0.213364 1.000000
0.620903 0.133085 1.000000
0.573172 0.062418 1.000000
0.502346 0.015574 1.000000
0.417631 0.005822 1.000000
0.331878 0.008734 1.000000
