4
1
30
0.255780 0.000000 1.000000
0.193175 0.071716 1.000000
0.147487 0.158484 1.000000
0.102776 0.245795 1.000000
0.060872 0.334506 1.000000
0.022108 0.424627 1.000000
0.027612 0.505250 1.000000
0.125017 0.499551 1.000000
0.222641 0.489894 1.000000
0.320303 0.480538 1.000000
0.418033 0.471902 1.000000
0.515809 0.463818 1.000000
0.613817 0.459568 1.000000
0.711807 0.454825 1.000000
0.800049 0.442838 0.000000
0.745701 0.361157 0.000000
0.691352 0.279475 0.000000
0.637004 0.197793 0.000000
0.582655 0.116111 0.000000
0.515418 0.075888 2.000000
0.476367 0.164449 2.000000
0.446118 0.257751 2.000000
0.417137 0.351482 2.000000
0.390005 0.445757 2.000000
0.365504 0.540748 2.000000
0.343476 0.636344 2.000000
0.325573 0.732761 2.000000
0.313844 0.830119 2.000000
0.312381 0.928027 2.000000
0.367052 0.997110 2.000000
