4
1
30
0.383542 0.013960 1.000000
0.341153 0.082707 1.000000
0.280035 0.158187 1.000000
0.214411 0.229832 1.000000
0.147849 0.300608 1.000000
0.080881 0.370988 1.000000
0.018978 0.445793 1.000000
0.061548 0.481751 1.000000
0.157263 0.465239 1.000000
0.253477 0.452043 1.000000
0.350411 0.447758 1.000000
0.447421 0.452400 1.000000
0.544138 0.461564 1.000000
0.641013 0.468848 1.000000
0.731958 0.464138 0.000000
0.678958 0.382708 0.000000
0.625958 0.301279 0.000000
0.572957 0.219850 0.000000
0.519957 0.138421 0.000000
0.466956 0.056991 0.000000
0.446948 0.134273 2.000000
0.430534 0.230030 2.000000
0.419974 0.326612 2.000000
0.410556 0.423313 2.000000
0.401085 0.520007 2.000000
0.388516 0.616348 2.000000
0.373917 0.712404 2.000000
0.357590 0.808180 2.000000
0.340989 0.903910 2.000000
0.330639 1.000000 2.000000
