4
1
30
0.470135 0.000000 1.000000
0.457877 0.130739 1.000000
0.390951 0.250257 1.000000
0.312830 0.362754 1.000000
0.226903 0.469464 1.000000
0.136182 0.572206 1.000000
0.044230 0.673831 1.000000
0.057701 0.776946 1.000000
0.193845 0.788054 1.000000
0.330909 0.787024 1.000000
0.467912 0.782817 1.000000
0.604910 0.778430 1.000000
0.741963 0.776618 1.000000
0.879032 0.776605 1.000000
1.016042 0.779781 1.000000
1.152785 0.788982 1.000000
1.219855 0.768726 0.000000
1.149868 0.650869 0.000000
1.079882 0.533013 0.000000
1.009895 0.415156 0.000000
0.939908 0.297300 0.000000
0.869921 0.179443 0.000000
0.799934 0.061587 0.000000
0.775952 0.188608 2.000000
0.766259 0.325256 2.000000
0.758973 0.462105 2.000000
0.753103 0.599043 2.000000
0.748818 0.736044 2.000000
0.761223 0.872231 2.000000
0.809249 1.000000 2.000000
