4
1
30
0.279661 0.003632 1.000000
0.243786 0.088043 1.000000
0.197553 0.176086 1.000000
0.148724 0.262701 1.000000
0.099849 0.349301 1.000000
0.052038 0.436497 1.000000
0.006345 0.524800 1.000000
0.075156 0.525501 1.000000
0.170012 0.496473 1.000000
0.268735 0.486372 1.000000
0.367952 0.492910 1.000000
0.466967 0.502108 1.000000
0.566135 0.500200 1.000000
0.662991 0.478302 1.000000
0.694016 0.430922 0.000000
0.627340 0.357142 0.000000
0.560663 0.283363 0.000000
0.493987 0.209583 0.000000
0.427310 0.135804 0.000000
0.371014 0.080833 2.000000
0.371749 0.180038 2.000000
0.361113 0.278888 2.000000
0.346714 0.377271 2.000000
0.328573 0.475047 2.000000
0.308115 0.572358 2.000000
0.289755 0.670067 2.000000
0.276777 0.768582 2.000000
0.275689 0.867726 2.000000
0.303575 0.961126 2.000000
0.392252 0.985472 2.000000
