4
1
30
0.345645 0.070383 1.000000
0.310439 0.182733 1.000000
0.267578 0.292441 1.000000
0.218727 0.399625 1.000000
0.161929 0.502813 1.000000
0.098687 0.602172 1.000000
0.030807 0.698458 1.000000
0.070337 0.734158 1.000000
0.178731 0.688111 1.000000
0.288499 0.645430 1.000000
0.401118 0.611037 1.000000
0.516994 0.590111 1.000000
0.634666 0.589114 1.000000
0.750187 0.610490 1.000000
0.855577 0.648930 0.000000
0.795440 0.547618 0.000000
0.735303 0.446306 0.000000
0.675166 0.344994 0.000000
0.615029 0.243682 0.000000
0.554892 0.142370 0.000000
0.494755 0.041059 0.000000
0.450079 0.067008 2.000000
0.425524 0.182201 2.000000
0.404796 0.298178 2.000000
0.387779 0.414751 2.000000
0.371486 0.531435 2.000000
0.356624 0.648301 2.000000
0.344836 0.765503 2.000000
0.341481 0.883071 2.000000
0.354704 1.000000 2.000000
