4
1
30
0.489650 0.039809 1.000000
0.435081 0.067032 1.000000
0.370541 0.159274 1.000000
0.303528 0.249726 1.000000
0.235493 0.339420 1.000000
0.166749 0.428570 1.000000
0.097094 0.517012 1.000000
0.029759 0.607192 1.000000
0.053699 0.667296 1.000000
0.164480 0.647465 1.000000
0.275981 0.632460 1.000000
0.388511 0.630346 1.000000
0.501052 0.633153 1.000000
0.613570 0.636747 1.000000
0.726132 0.638679 1.000000
0.838697 0.638273 1.000000
0.847186 0.566469 0.000000
0.796659 0.465866 0.000000
0.746132 0.365262 0.000000
0.695605 0.264659 0.000000
0.645079 0.164055 0.000000
0.577529 0.107529 2.000000
0.560482 0.217518 2.000000
0.550777 0.329672 2.000000
0.538354 0.441549 2.000000
0.523729 0.553164 2.000000
0.512738 0.665193 2.000000
0.507166 0.777588 2.000000
0.510175 0.890086 2.000000
0.531847 1.000000 2.000000
