4
1
30
0.517601 0.000000 1.000000
0.478322 0.076038 1.000000
0.427766 0.146020 1.000000
0.373456 0.212945 1.000000
0.312456 0.274084 1.000000
0.249034 0.332585 1.000000
0.182584 0.387751 1.000000
0.115855 0.442576 1.000000
0.047785 0.495714 1.000000
0.034317 0.551492 1.000000
0.119932 0.543771 1.000000
0.205064 0.529266 1.000000
0.290481 0.517601 1.000000
0.376404 0.512353 1.000000
0.461257 0.496324 1.000000
0.546212 0.482399 1.000000
0.632578 0.482399 1.000000
0.718943 0.482399 1.000000
0.739703 0.428099 0.000000
0.678634 0.367030 0.000000
0.617564 0.305960 0.000000
0.598435 0.312956 2.000000
0.586701 0.398142 2.000000
0.586701 0.484508 2.000000
0.586701 0.570873 2.000000
0.586701 0.657238 2.000000
0.585647 0.743539 2.000000
0.575109 0.829258 2.000000
0.560618 0.914391 2.000000
0.552803 1.000000 2.000000
