4
1
30
0.193809 0.000000 1.000000
0.130883 0.069355 1.000000
0.082314 0.149065 1.000000
0.048629 0.236455 1.000000
0.022806 0.326513 1.000000
0.008405 0.419129 1.000000
0.003230 0.512589 1.000000
0.029681 0.600317 1.000000
0.111726 0.637379 1.000000
0.204649 0.627884 1.000000
0.294563 0.601852 1.000000
0.380266 0.564128 1.000000
0.461868 0.518076 1.000000
0.536714 0.461801 1.000000
0.578747 0.389626 0.000000
0.554341 0.299118 0.000000
0.529934 0.208611 0.000000
0.505527 0.118103 0.000000
0.470701 0.077485 2.000000
0.412109 0.150658 2.000000
0.355521 0.225368 2.000000
0.301543 0.301940 2.000000
0.252726 0.381955 2.000000
0.208238 0.464467 2.000000
0.168702 0.549439 2.000000
0.132627 0.635942 2.000000
0.101535 0.724331 2.000000
0.075224 0.814287 2.000000
0.058640 0.906487 2.000000
0.053836 1.000000 2.000000
