4
1
30
0.182131 0.018557 1.000000
0.206763 0.076540 1.000000
0.170331 0.177785 1.000000
0.127747 0.276606 1.000000
0.085697 0.375680 1.000000
0.046435 0.475863 1.000000
0.011904 0.577803 1.000000
0.056082 0.631570 1.000000
0.161220 0.608880 1.000000
0.265114 0.580987 1.000000
0.369150 0.553409 1.000000
0.473850 0.528461 1.000000
0.578710 0.504193 1.000000
0.683703 0.480625 1.000000
0.788831 0.457891 1.000000
0.767256 0.398358 0.000000
0.694462 0.319072 0.000000
0.621669 0.239785 0.000000
0.548875 0.160498 0.000000
0.476081 0.081212 0.000000
0.403749 0.033308 2.000000
0.400687 0.140452 2.000000
0.408279 0.247786 2.000000
0.415422 0.355183 2.000000
0.418557 0.462722 2.000000
0.418557 0.570357 2.000000
0.418557 0.677992 2.000000
0.425634 0.785323 2.000000
0.436578 0.892395 2.000000
0.437113 1.000000 2.000000
