4
1
30
0.202685 0.291275 1.000000
0.136070 0.352142 1.000000
0.084304 0.432912 1.000000
0.040236 0.518149 1.000000
0.004863 0.607217 1.000000
0.065009 0.659397 1.000000
0.160975 0.659022 1.000000
0.256851 0.654470 1.000000
0.352780 0.651007 1.000000
0.448777 0.651007 1.000000
0.544707 0.653353 1.000000
0.606003 0.623381 0.000000
0.564987 0.536588 0.000000
0.523971 0.449795 0.000000
0.482954 0.363001 0.000000
0.441938 0.276208 0.000000
0.400922 0.189415 0.000000
0.359906 0.102621 0.000000
0.318889 0.015828 0.000000
0.286188 0.074274 2.000000
0.267402 0.168242 2.000000
0.255626 0.263500 2.000000
0.250609 0.359360 2.000000
0.248569 0.455323 2.000000
0.250918 0.551281 2.000000
0.257473 0.647043 2.000000
0.269365 0.742241 2.000000
0.288595 0.836273 2.000000
0.318718 0.927153 2.000000
0.378523 1.000000 2.000000
