4
1
30
0.777027 0.055743 1.000000
0.692841 0.144076 1.000000
0.585420 0.202731 1.000000
0.473460 0.253317 1.000000
0.361050 0.302898 1.000000
0.248479 0.352113 1.000000
0.135686 0.400817 1.000000
0.025581 0.452572 1.000000
0.128075 0.483950 1.000000
0.250799 0.489682 1.000000
0.373575 0.494119 1.000000
0.496394 0.497208 1.000000
0.619232 0.499378 1.000000
0.742074 0.497335 1.000000
0.864864 0.493458 1.000000
0.986840 0.480885 1.000000
1.003316 0.403787 0.000000
0.914186 0.319227 0.000000
0.825056 0.234668 0.000000
0.735926 0.150109 0.000000
0.646796 0.065550 0.000000
0.564000 0.023980 2.000000
0.543778 0.143883 2.000000
0.544822 0.266725 2.000000
0.549435 0.389496 2.000000
0.554032 0.512269 2.000000
0.559410 0.635009 2.000000
0.565152 0.757732 2.000000
0.570643 0.880468 2.000000
0.597973 0.994932 2.000000
