4
1
30
0.443268 0.000000 1.000000
0.377686 0.076340 1.000000
0.307375 0.148337 1.000000
0.234242 0.217535 1.000000
0.158704 0.284115 1.000000
0.084238 0.351881 1.000000
0.015565 0.425154 1.000000
0.071568 0.476034 1.000000
0.172089 0.481470 1.000000
0.272748 0.483106 1.000000
0.373427 0.481736 1.000000
0.474048 0.478355 1.000000
0.574599 0.473036 1.000000
0.675123 0.467317 1.000000
0.775118 0.455727 1.000000
0.798331 0.391799 1.000000
0.732103 0.316009 0.000000
0.667198 0.239028 0.000000
0.602292 0.162047 0.000000
0.537386 0.085066 0.000000
0.482573 0.099100 2.000000
0.485490 0.199687 2.000000
0.495584 0.299862 2.000000
0.506884 0.399917 2.000000
0.519605 0.499801 2.000000
0.531159 0.599828 2.000000
0.539112 0.700196 2.000000
0.543921 0.800764 2.000000
0.542397 0.901403 2.000000
0.523449 1.000000 2.000000
