4
1
30
0.466454 0.000000 1.000000
0.390280 0.060237 1.000000
0.316130 0.122969 1.000000
0.242897 0.186774 1.000000
0.169347 0.250211 1.000000
0.099759 0.317937 1.000000
0.036342 0.391274 1.000000
0.033377 0.477047 1.000000
0.122885 0.505625 1.000000
0.219794 0.502878 1.000000
0.316425 0.493058 1.000000
0.412474 0.478615 1.000000
0.508210 0.462321 1.000000
0.602638 0.440195 1.000000
0.687751 0.395942 1.000000
0.716025 0.310649 1.000000
0.671826 0.224734 0.000000
0.621260 0.141806 0.000000
0.570694 0.058878 0.000000
0.524519 0.032672 2.000000
0.504393 0.126856 2.000000
0.506196 0.223922 2.000000
0.513125 0.320784 2.000000
0.520444 0.417629 2.000000
0.525996 0.514595 2.000000
0.529973 0.611642 2.000000
0.532624 0.708734 2.000000
0.535863 0.805807 2.000000
0.538990 0.902884 2.000000
0.539936 1.000000 2.000000
