4
1
30
0.266667 0.000000 1.000000
0.251298 0.101877 1.000000
0.222783 0.201272 1.000000
0.184768 0.297433 1.000000
0.138572 0.389960 1.000000
0.085854 0.478955 1.000000
0.026873 0.563960 1.000000
0.044384 0.622945 1.000000
0.147769 0.625728 1.000000
0.251191 0.622778 1.000000
0.354582 0.618808 1.000000
0.457987 0.615242 1.000000
0.561398 0.617408 1.000000
0.664470 0.625051 1.000000
0.766881 0.639554 1.000000
0.868630 0.658297 1.000000
0.971433 0.666667 1.000000
0.901052 0.600642 0.000000
0.823670 0.531958 0.000000
0.746289 0.463274 0.000000
0.668907 0.394590 0.000000
0.591525 0.325906 0.000000
0.521232 0.276389 2.000000
0.522110 0.379517 2.000000
0.528439 0.482741 2.000000
0.531696 0.586156 2.000000
0.533333 0.689599 2.000000
0.533333 0.793066 2.000000
0.533333 0.896533 2.000000
0.533333 1.000000 2.000000
