4
1
30
0.359967 0.000000 1.000000
0.325445 0.095265 1.000000
0.278413 0.185234 1.000000
0.225585 0.271966 1.000000
0.171000 0.357604 1.000000
0.116560 0.443335 1.000000
0.061973 0.528972 1.000000
0.010799 0.616649 1.000000
0.075045 0.643055 1.000000
0.173643 0.618747 1.000000
0.272871 0.597559 1.000000
0.373605 0.585428 1.000000
0.475036 0.581549 1.000000
0.576508 0.584419 1.000000
0.677714 0.592573 1.000000
0.698178 0.553970 0.000000
0.647632 0.465887 0.000000
0.597085 0.377805 0.000000
0.546539 0.289722 0.000000
0.495992 0.201640 0.000000
0.446458 0.117355 2.000000
0.449850 0.218635 2.000000
0.443236 0.319913 2.000000
0.430763 0.420698 2.000000
0.417423 0.521373 2.000000
0.404558 0.622110 2.000000
0.394238 0.723129 2.000000
0.389347 0.824505 2.000000
0.396069 0.925632 2.000000
0.452224 0.993410 2.000000
