4
1
30
0.349472 0.000000 1.000000
0.317243 0.091766 1.000000
0.280251 0.181699 1.000000
0.238995 0.269761 1.000000
0.193894 0.355895 1.000000
0.144355 0.439597 1.000000
0.091328 0.521141 1.000000
0.032808 0.598841 1.000000
0.047162 0.632034 1.000000
0.141379 0.607916 1.000000
0.237198 0.592013 1.000000
0.334196 0.590532 1.000000
0.430677 0.602083 1.000000
0.525470 0.623719 1.000000
0.619525 0.648406 1.000000
0.621515 0.595006 0.000000
0.574923 0.509613 0.000000
0.528332 0.424221 0.000000
0.481741 0.338829 0.000000
0.435150 0.253436 0.000000
0.388558 0.168044 0.000000
0.367354 0.224042 2.000000
0.367216 0.321311 2.000000
0.369046 0.418569 2.000000
0.369131 0.515844 2.000000
0.367047 0.613088 2.000000
0.361640 0.710174 2.000000
0.353153 0.807079 2.000000
0.345863 0.904073 2.000000
0.355634 1.000000 2.000000
