4
1
30
0.381295 0.047662 1.000000
0.368407 0.037850 1.000000
0.293981 0.132606 1.000000
0.215571 0.224098 1.000000
0.130415 0.308935 1.000000
0.045495 0.393359 1.000000
0.054181 0.469304 1.000000
0.173932 0.475719 1.000000
0.294429 0.476437 1.000000
0.414540 0.486422 1.000000
0.534697 0.495853 1.000000
0.654854 0.505284 1.000000
0.774967 0.515253 1.000000
0.893920 0.534107 1.000000
1.013707 0.547358 1.000000
1.111646 0.562625 0.000000
1.028847 0.475042 0.000000
0.946047 0.387458 0.000000
0.863248 0.299875 0.000000
0.780448 0.212291 0.000000
0.697075 0.125267 2.000000
0.603007 0.073252 2.000000
0.595324 0.192816 2.000000
0.595324 0.313342 2.000000
0.599461 0.433707 2.000000
0.608892 0.553864 2.000000
0.624767 0.673272 2.000000
0.647880 0.791420 2.000000
0.690757 0.903938 2.000000
0.762590 1.000000 2.000000
