4
1
30
0.580749 0.014973 1.000000
0.518317 0.064125 1.000000
0.436918 0.131411 1.000000
0.357364 0.200906 1.000000
0.276908 0.269354 1.000000
0.195706 0.336915 1.000000
0.114184 0.404087 1.000000
0.036254 0.475124 1.000000
0.056914 0.537237 1.000000
0.162438 0.533349 1.000000
0.267741 0.525074 1.000000
0.372912 0.515220 1.000000
0.477797 0.502756 1.000000
0.581843 0.484942 1.000000
0.683769 0.457747 1.000000
0.720824 0.389348 0.000000
0.651446 0.309691 0.000000
0.582067 0.230035 0.000000
0.512689 0.150378 0.000000
0.443311 0.070721 0.000000
0.378343 0.054469 2.000000
0.378028 0.159857 2.000000
0.387945 0.265003 2.000000
0.400411 0.369899 2.000000
0.411937 0.474902 2.000000
0.423228 0.579930 2.000000
0.433878 0.685025 2.000000
0.444339 0.790140 2.000000
0.455130 0.895220 2.000000
0.468449 1.000000 2.000000
