4
1
30
0.205882 0.011029 1.000000
0.160724 0.095218 1.000000
0.118168 0.180752 1.000000
0.075216 0.266082 1.000000
0.028819 0.349596 1.000000
0.065858 0.426391 1.000000
0.160480 0.433824 1.000000
0.256016 0.433824 1.000000
0.351552 0.433824 1.000000
0.447088 0.433824 1.000000
0.542625 0.433824 1.000000
0.638161 0.433824 1.000000
0.733697 0.433824 1.000000
0.828551 0.443793 1.000000
0.789773 0.367438 0.000000
0.741933 0.284743 0.000000
0.694093 0.202048 0.000000
0.646253 0.119353 0.000000
0.598413 0.036658 0.000000
0.566907 0.052180 2.000000
0.548693 0.145963 2.000000
0.533325 0.240231 2.000000
0.518707 0.334640 2.000000
0.505425 0.429228 2.000000
0.493157 0.523963 2.000000
0.479466 0.618494 2.000000
0.471190 0.713671 2.000000
0.464493 0.808971 2.000000
0.463235 0.904464 2.000000
0.463235 1.000000 2.000000
