4
1
30
0.391447 0.000000 1.000000
0.286589 0.045850 1.000000
0.211559 0.127486 1.000000
0.155737 0.227079 1.000000
0.080925 0.313317 1.000000
0.022122 0.410854 1.000000
0.024478 0.512142 1.000000
0.136384 0.515665 1.000000
0.249747 0.499628 1.000000
0.363500 0.486463 1.000000
0.477588 0.478618 1.000000
0.591951 0.481416 1.000000
0.705788 0.493853 1.000000
0.819626 0.506289 1.000000
0.933293 0.520188 1.000000
1.047735 0.521382 1.000000
1.033981 0.472537 0.000000
0.948471 0.396369 0.000000
0.862961 0.320200 0.000000
0.777451 0.244031 0.000000
0.691514 0.168389 2.000000
0.597641 0.102886 2.000000
0.565789 0.205110 2.000000
0.565789 0.319625 2.000000
0.574785 0.433569 2.000000
0.589293 0.547161 2.000000
0.603789 0.660755 2.000000
0.619075 0.774243 2.000000
0.636697 0.887387 2.000000
0.652961 1.000000 2.000000
