4
1
30
0.532452 0.001202 1.000000
0.515520 0.085468 1.000000
0.438046 0.184708 1.000000
0.359001 0.282707 1.000000
0.279655 0.380464 1.000000
0.200279 0.478195 1.000000
0.120860 0.575892 1.000000
0.040860 0.673102 1.000000
0.061508 0.731373 1.000000
0.185838 0.711600 1.000000
0.310558 0.694397 1.000000
0.435515 0.679000 1.000000
0.560695 0.665598 1.000000
0.686201 0.655593 1.000000
0.811885 0.648416 1.000000
0.937445 0.640067 1.000000
0.964329 0.552927 0.000000
0.891566 0.450176 0.000000
0.818803 0.347425 0.000000
0.746041 0.244674 0.000000
0.673278 0.141923 0.000000
0.597428 0.042078 2.000000
0.570583 0.125541 2.000000
0.587441 0.250310 2.000000
0.605769 0.374874 2.000000
0.623299 0.499552 2.000000
0.639598 0.624398 2.000000
0.654820 0.749376 2.000000
0.667010 0.874689 2.000000
0.679087 1.000000 2.000000
