4
1
30
0.000000 0.090834 1.000000
0.028496 0.018191 1.000000
0.054506 0.068066 1.000000
0.051414 0.146860 1.000000
0.042122 0.225189 1.000000
0.033523 0.303594 1.000000
0.025376 0.382050 1.000000
0.024717 0.460893 1.000000
0.036778 0.537671 1.000000
0.063545 0.611848 1.000000
0.111828 0.674220 1.000000
0.172428 0.722719 1.000000
0.242061 0.758282 1.000000
0.319217 0.773426 1.000000
0.396504 0.761990 1.000000
0.457145 0.712649 1.000000
0.489005 0.648332 0.000000
0.452213 0.578561 0.000000
0.415420 0.508790 0.000000
0.378628 0.439019 0.000000
0.341835 0.369249 0.000000
0.297065 0.375754 2.000000
0.293440 0.454540 2.000000
0.287559 0.533198 2.000000
0.285192 0.612021 2.000000
0.283694 0.690884 2.000000
0.283694 0.769762 2.000000
0.289721 0.848089 2.000000
0.304838 0.925444 2.000000
0.330587 1.000000 2.000000
