4
0
30
0.150791 0.000000 1.000000
0.119599 0.036982 1.000000
0.094644 0.078601 1.000000
0.074624 0.122774 1.000000
0.055045 0.167175 1.000000
0.042428 0.213962 1.000000
0.030661 0.261041 1.000000
0.020760 0.308493 1.000000
0.013456 0.356467 1.000000
0.006152 0.404441 1.000000
0.005294 0.452902 1.000000
0.005294 0.501429 1.000000
0.014159 0.548946 1.000000
0.030800 0.593758 1.000000
0.062971 0.628769 1.000000
0.108205 0.641297 1.000000
0.151060 0.619878 1.000000
0.178776 0.580662 1.000000
0.194669 0.534869 1.000000
0.199541 0.532395 1.000000
0.185209 0.578756 1.000000
0.176034 0.626337 1.000000
0.167927 0.674181 1.000000
0.159686 0.722003 1.000000
0.151277 0.769795 1.000000
0.142842 0.817583 1.000000
0.131449 0.864753 1.000000
0.121875 0.912266 1.000000
0.116403 0.960421 1.000000
0.134929 1.000000 1.000000
