4
1
30
0.248098 0.000000 1.000000
0.214837 0.042287 1.000000
0.182766 0.085439 1.000000
0.153591 0.130611 1.000000
0.127724 0.177786 1.000000
0.103772 0.225918 1.000000
0.081596 0.274936 1.000000
0.062020 0.324920 1.000000
0.046836 0.376535 1.000000
0.031651 0.428149 1.000000
0.024652 0.481418 1.000000
0.018602 0.534878 1.000000
0.015592 0.588472 1.000000
0.016936 0.642257 1.000000
0.027883 0.694176 1.000000
0.054943 0.738628 1.000000
0.104018 0.758966 1.000000
0.157228 0.766817 1.000000
0.210699 0.772761 1.000000
0.229225 0.735709 0.000000
0.234327 0.682150 0.000000
0.239428 0.628590 0.000000
0.208485 0.642406 2.000000
0.182713 0.688999 2.000000
0.168392 0.740860 2.000000
0.154769 0.792900 2.000000
0.142652 0.845319 2.000000
0.129606 0.897515 2.000000
0.115384 0.949401 2.000000
0.120292 1.000000 2.000000
