4
1
30
0.197105 0.155902 1.000000
0.163378 0.255237 1.000000
0.122074 0.353637 1.000000
0.083985 0.453324 1.000000
0.047127 0.553471 1.000000
0.013108 0.654583 1.000000
0.026316 0.751532 1.000000
0.130642 0.766889 1.000000
0.237164 0.761373 1.000000
0.343238 0.749800 1.000000
0.448312 0.731254 1.000000
0.552466 0.708052 1.000000
0.655216 0.679337 1.000000
0.753040 0.637464 1.000000
0.759481 0.541681 0.000000
0.721465 0.441965 0.000000
0.683450 0.342248 0.000000
0.645434 0.242531 0.000000
0.607418 0.142815 0.000000
0.569403 0.043098 0.000000
0.501744 0.042856 2.000000
0.475806 0.146253 2.000000
0.463607 0.252234 2.000000
0.455097 0.358611 2.000000
0.450309 0.465203 2.000000
0.446332 0.571846 2.000000
0.442065 0.678477 2.000000
0.440649 0.785183 2.000000
0.437229 0.891845 2.000000
0.425390 0.975501 2.000000
