4
0
30
0.253510 0.000000 1.000000
0.224477 0.045544 1.000000
0.195444 0.091088 1.000000
0.166410 0.136632 1.000000
0.137377 0.182176 1.000000
0.110521 0.229027 1.000000
0.083972 0.276062 1.000000
0.057422 0.323097 1.000000
0.037730 0.373233 1.000000
0.019945 0.424232 1.000000
0.015227 0.477632 1.000000
0.017843 0.531061 1.000000
0.035135 0.581746 1.000000
0.077101 0.615259 1.000000
0.130698 0.621937 1.000000
0.184402 0.616375 1.000000
0.236756 0.603702 1.000000
0.286892 0.584244 1.000000
0.330753 0.553625 1.000000
0.352100 0.505998 1.000000
0.333056 0.536005 1.000000
0.318138 0.587882 1.000000
0.304726 0.640201 1.000000
0.291623 0.692599 1.000000
0.280357 0.745399 1.000000
0.270319 0.798469 1.000000
0.255668 0.850447 1.000000
0.241658 0.902598 1.000000
0.229013 0.955107 1.000000
0.232380 1.000000 1.000000
