4
1
30
0.038714 0.038746 1.000000
0.057503 0.034148 1.000000
0.045424 0.113521 1.000000
0.034762 0.193066 1.000000
0.026498 0.272929 1.000000
0.020249 0.352973 1.000000
0.014428 0.433050 1.000000
0.010055 0.513220 1.000000
0.007028 0.593448 1.000000
0.015574 0.672916 1.000000
0.058733 0.728806 1.000000
0.137687 0.714281 1.000000
0.216974 0.701643 1.000000
0.296229 0.688856 1.000000
0.375024 0.673474 1.000000
0.451565 0.650291 1.000000
0.429330 0.587328 0.000000
0.386046 0.519705 0.000000
0.342761 0.452081 0.000000
0.299477 0.384458 0.000000
0.256193 0.316835 0.000000
0.234660 0.369119 2.000000
0.240819 0.449172 2.000000
0.248673 0.529077 2.000000
0.256445 0.608989 2.000000
0.264058 0.688918 2.000000
0.274912 0.768436 2.000000
0.288343 0.847552 2.000000
0.309373 0.925002 2.000000
0.341913 0.980547 2.000000
