4
1
30
0.235220 0.067925 1.000000
0.172160 0.154125 1.000000
0.108325 0.239820 1.000000
0.055833 0.332923 1.000000
0.016101 0.432010 1.000000
0.021537 0.534325 1.000000
0.112893 0.586338 1.000000
0.217134 0.609693 1.000000
0.322715 0.626574 1.000000
0.428470 0.642344 1.000000
0.534357 0.657216 1.000000
0.640341 0.671332 1.000000
0.746923 0.679245 1.000000
0.756136 0.614653 0.000000
0.714234 0.516273 0.000000
0.672331 0.417893 0.000000
0.630428 0.319513 0.000000
0.588526 0.221133 0.000000
0.546623 0.122753 0.000000
0.504721 0.024373 0.000000
0.449877 0.066408 2.000000
0.424215 0.169698 2.000000
0.411736 0.275813 2.000000
0.405653 0.382571 2.000000
0.401677 0.489400 2.000000
0.402547 0.596312 2.000000
0.408497 0.703034 2.000000
0.425349 0.808579 2.000000
0.457349 0.910242 2.000000
0.514465 1.000000 2.000000
