4
1
30
0.047472 0.000000 1.000000
0.050112 0.091378 1.000000
0.045858 0.183516 1.000000
0.036230 0.275280 1.000000
0.024303 0.366769 1.000000
0.013607 0.458404 1.000000
0.006899 0.550395 1.000000
0.032454 0.635666 1.000000
0.119778 0.658901 1.000000
0.210682 0.645909 1.000000
0.299745 0.622670 1.000000
0.387282 0.593505 1.000000
0.473394 0.560560 1.000000
0.558411 0.524706 1.000000
0.618779 0.482239 0.000000
0.563125 0.408645 0.000000
0.507471 0.335052 0.000000
0.451818 0.261458 0.000000
0.396164 0.187865 0.000000
0.340510 0.114271 0.000000
0.342320 0.183370 2.000000
0.359069 0.274094 2.000000
0.369164 0.365651 2.000000
0.374859 0.457731 2.000000
0.376953 0.549975 2.000000
0.376553 0.642219 2.000000
0.374414 0.734462 2.000000
0.371709 0.826690 2.000000
0.388448 0.917222 2.000000
0.428436 1.000000 2.000000
