4
1
30
0.103902 0.028444 1.000000
0.112343 0.082036 1.000000
0.085075 0.179596 1.000000
0.061621 0.278153 1.000000
0.038058 0.376685 1.000000
0.018491 0.475912 1.000000
0.009560 0.576729 1.000000
0.018329 0.676988 1.000000
0.113043 0.696436 1.000000
0.213149 0.681754 1.000000
0.311908 0.659201 1.000000
0.408943 0.630081 1.000000
0.506322 0.602176 1.000000
0.604181 0.575958 1.000000
0.702231 0.550472 1.000000
0.800373 0.525335 1.000000
0.894101 0.498881 0.000000
0.805719 0.449359 0.000000
0.717337 0.399837 0.000000
0.628956 0.350315 0.000000
0.540574 0.300793 0.000000
0.452193 0.251271 0.000000
0.463256 0.290416 2.000000
0.485197 0.389079 2.000000
0.497011 0.489573 2.000000
0.503337 0.590678 2.000000
0.505633 0.691962 2.000000
0.506269 0.793265 2.000000
0.513367 0.894183 2.000000
0.528209 0.990362 2.000000
