4
0
30
0.202893 0.000000 1.000000
0.191500 0.045402 1.000000
0.170272 0.087088 1.000000
0.148274 0.128394 1.000000
0.124626 0.168790 1.000000
0.100977 0.209187 1.000000
0.079030 0.250527 1.000000
0.057332 0.292004 1.000000
0.038593 0.334782 1.000000
0.022689 0.378808 1.000000
0.011577 0.424102 1.000000
0.005315 0.470294 1.000000
0.011467 0.516327 1.000000
0.047085 0.536111 1.000000
0.090247 0.519891 1.000000
0.133031 0.500909 1.000000
0.174304 0.479100 1.000000
0.210667 0.459202 1.000000
0.187186 0.499259 1.000000
0.173605 0.544018 1.000000
0.162575 0.589510 1.000000
0.154363 0.635542 1.000000
0.147762 0.681885 1.000000
0.141092 0.728217 1.000000
0.134357 0.774540 1.000000
0.127981 0.820902 1.000000
0.124576 0.867588 1.000000
0.121157 0.914273 1.000000
0.117532 0.960942 1.000000
0.132996 0.993028 1.000000
