4
1
30
0.297283 0.008981 1.000000
0.232894 0.066439 1.000000
0.173082 0.142787 1.000000
0.117876 0.222534 1.000000
0.068724 0.305905 1.000000
0.026904 0.393152 1.000000
0.009283 0.487061 1.000000
0.055394 0.568246 1.000000
0.143225 0.607643 1.000000
0.238140 0.626174 1.000000
0.334940 0.632255 1.000000
0.431211 0.623647 1.000000
0.527322 0.610615 1.000000
0.619945 0.582189 1.000000
0.711553 0.550800 1.000000
0.796840 0.504611 1.000000
0.815694 0.452159 0.000000
0.740543 0.390844 0.000000
0.665392 0.329528 0.000000
0.590241 0.268213 0.000000
0.515091 0.206897 0.000000
0.476937 0.274640 2.000000
0.472816 0.371389 2.000000
0.479411 0.468156 2.000000
0.486718 0.564871 2.000000
0.496703 0.661230 2.000000
0.515366 0.756408 2.000000
0.539161 0.850343 2.000000
0.576997 0.938392 2.000000
0.648630 1.000000 2.000000
