4
1
30
0.463717 0.000000 1.000000
0.376957 0.012024 1.000000
0.298768 0.049218 1.000000
0.231093 0.105022 1.000000
0.167949 0.165975 1.000000
0.109106 0.231043 1.000000
0.055807 0.300763 1.000000
0.012383 0.375516 1.000000
0.085460 0.408127 1.000000
0.172716 0.417393 1.000000
0.260022 0.426377 1.000000
0.347312 0.435401 1.000000
0.434897 0.441022 1.000000
0.522574 0.445169 1.000000
0.610285 0.448484 1.000000
0.698035 0.448335 1.000000
0.754422 0.425789 0.000000
0.712035 0.348927 0.000000
0.669648 0.272065 0.000000
0.623171 0.199646 2.000000
0.565510 0.254727 2.000000
0.525428 0.332813 2.000000
0.488465 0.412407 2.000000
0.455584 0.493770 2.000000
0.425651 0.576270 2.000000
0.399341 0.659969 2.000000
0.378412 0.745118 2.000000
0.365758 0.831835 2.000000
0.368609 0.918862 2.000000
0.400000 1.000000 2.000000
