4
1
30
0.125090 0.057752 1.000000
0.153846 0.053629 1.000000
0.146078 0.142086 1.000000
0.130091 0.229401 1.000000
0.111532 0.316279 1.000000
0.091703 0.402882 1.000000
0.069198 0.488795 1.000000
0.044773 0.574215 1.000000
0.022042 0.660102 1.000000
0.016941 0.747818 1.000000
0.086066 0.797424 1.000000
0.173489 0.809300 1.000000
0.261997 0.801577 1.000000
0.349007 0.785360 1.000000
0.434821 0.762359 1.000000
0.498892 0.712939 0.000000
0.537974 0.633153 0.000000
0.577055 0.553367 0.000000
0.616136 0.473581 0.000000
0.655218 0.393795 0.000000
0.694299 0.314009 0.000000
0.679849 0.317388 2.000000
0.639857 0.396006 2.000000
0.610348 0.479705 2.000000
0.584665 0.564729 2.000000
0.562672 0.650807 2.000000
0.539569 0.736589 2.000000
0.519399 0.822915 2.000000
0.509705 0.911157 2.000000
0.509705 1.000000 2.000000
