4
1
30
0.138621 0.007277 1.000000
0.114510 0.074729 1.000000
0.104491 0.148142 1.000000
0.091529 0.221074 1.000000
0.077652 0.293856 1.000000
0.064673 0.366801 1.000000
0.052163 0.439830 1.000000
0.039160 0.512770 1.000000
0.025131 0.585523 1.000000
0.016224 0.658828 1.000000
0.016724 0.732441 1.000000
0.049988 0.797459 1.000000
0.113476 0.833593 1.000000
0.187027 0.842535 1.000000
0.258868 0.828563 1.000000
0.329412 0.806468 1.000000
0.396422 0.774854 1.000000
0.442355 0.731847 0.000000
0.432103 0.658466 0.000000
0.421851 0.585086 0.000000
0.411599 0.511705 0.000000
0.401347 0.438325 0.000000
0.385062 0.510034 2.000000
0.374080 0.583308 2.000000
0.364488 0.656778 2.000000
0.355735 0.730348 2.000000
0.347800 0.804012 2.000000
0.345954 0.878082 2.000000
0.364694 0.948446 2.000000
0.416045 1.000000 2.000000
