4
1
30
0.373626 0.000000 1.000000
0.246747 0.069809 1.000000
0.148720 0.177672 1.000000
0.070191 0.300859 1.000000
0.014953 0.435657 1.000000
0.025206 0.574036 1.000000
0.154764 0.631004 1.000000
0.300559 0.637363 1.000000
0.446656 0.637363 1.000000
0.592706 0.634030 1.000000
0.738754 0.630255 1.000000
0.884636 0.622404 1.000000
1.030647 0.617534 1.000000
1.176673 0.612964 1.000000
1.322750 0.611722 1.000000
1.468780 0.615459 1.000000
1.614753 0.621463 1.000000
1.679621 0.587015 0.000000
1.589221 0.472246 0.000000
1.498820 0.357476 0.000000
1.408419 0.242707 0.000000
1.318019 0.127937 0.000000
1.192936 0.072975 2.000000
1.078856 0.152449 2.000000
1.011602 0.281741 2.000000
0.967535 0.420795 2.000000
0.934364 0.563047 2.000000
0.918444 0.708097 2.000000
0.913709 0.854058 2.000000
0.919414 1.000000 2.000000
