4
1
30
0.229876 0.018576 1.000000
0.196063 0.065268 1.000000
0.166913 0.142192 1.000000
0.135705 0.218329 1.000000
0.103461 0.294032 1.000000
0.069636 0.369048 1.000000
0.036004 0.444152 1.000000
0.010372 0.522208 1.000000
0.041106 0.589949 1.000000
0.121363 0.602477 1.000000
0.203202 0.596328 1.000000
0.284611 0.584323 1.000000
0.363829 0.562149 1.000000
0.442834 0.539155 1.000000
0.521003 0.513440 1.000000
0.583335 0.483954 0.000000
0.525147 0.425766 0.000000
0.466959 0.367579 0.000000
0.408772 0.309391 0.000000
0.350584 0.251203 0.000000
0.314408 0.279845 2.000000
0.290917 0.358711 2.000000
0.267862 0.437698 2.000000
0.247118 0.517330 2.000000
0.228537 0.597412 2.000000
0.215854 0.678719 2.000000
0.209328 0.760227 2.000000
0.216676 0.842188 2.000000
0.235304 0.921822 2.000000
0.260991 1.000000 2.000000
