4
1
30
0.170184 0.007246 1.000000
0.132610 0.051755 1.000000
0.104844 0.109244 1.000000
0.076392 0.166395 1.000000
0.050981 0.224811 1.000000
0.030388 0.285241 1.000000
0.017707 0.347553 1.000000
0.009978 0.410788 1.000000
0.018240 0.474094 1.000000
0.032300 0.535821 1.000000
0.057271 0.594578 1.000000
0.092969 0.646982 1.000000
0.135006 0.694376 1.000000
0.188373 0.729416 1.000000
0.248370 0.749194 1.000000
0.310689 0.754921 1.000000
0.373527 0.743637 1.000000
0.432742 0.720204 1.000000
0.470249 0.685091 0.000000
0.452717 0.623703 0.000000
0.435186 0.562315 0.000000
0.417053 0.505890 2.000000
0.401795 0.567023 2.000000
0.400024 0.630841 2.000000
0.402384 0.694582 2.000000
0.406539 0.758289 2.000000
0.413565 0.821743 2.000000
0.422099 0.884974 2.000000
0.435099 0.947370 2.000000
0.468045 1.000000 2.000000
