4
1
30
0.000000 0.031742 1.000000
0.017169 0.060977 1.000000
0.012496 0.139267 1.000000
0.011498 0.217680 1.000000
0.017069 0.295961 1.000000
0.025250 0.373908 1.000000
0.039607 0.451063 1.000000
0.058909 0.526797 1.000000
0.087725 0.599795 1.000000
0.125799 0.667646 1.000000
0.172586 0.730654 1.000000
0.232846 0.779945 1.000000
0.299539 0.819773 1.000000
0.374712 0.842312 1.000000
0.452026 0.836198 1.000000
0.485255 0.785678 0.000000
0.486957 0.707217 0.000000
0.488658 0.628756 0.000000
0.490359 0.550295 0.000000
0.492060 0.471834 0.000000
0.493761 0.393373 0.000000
0.505728 0.378371 2.000000
0.518995 0.455337 2.000000
0.524905 0.533551 2.000000
0.528627 0.611942 2.000000
0.533652 0.690256 2.000000
0.539227 0.768537 2.000000
0.547779 0.846537 2.000000
0.559271 0.924085 2.000000
0.578961 1.000000 2.000000
