4
1
30
0.256059 0.332982 1.000000
0.191501 0.386879 1.000000
0.130315 0.463188 1.000000
0.074654 0.543579 1.000000
0.024294 0.627371 1.000000
0.020672 0.713131 1.000000
0.117398 0.717408 1.000000
0.214865 0.709380 1.000000
0.312636 0.707060 1.000000
0.410435 0.708197 1.000000
0.508128 0.712391 1.000000
0.605590 0.720245 1.000000
0.615504 0.646915 0.000000
0.595954 0.551076 0.000000
0.576404 0.455237 0.000000
0.556854 0.359398 0.000000
0.537304 0.263560 0.000000
0.517754 0.167721 0.000000
0.498204 0.071882 0.000000
0.452080 0.036007 2.000000
0.433909 0.131926 2.000000
0.424266 0.229195 2.000000
0.419412 0.326887 2.000000
0.415939 0.424625 2.000000
0.415459 0.522422 2.000000
0.418518 0.620166 2.000000
0.426651 0.717621 2.000000
0.441824 0.814213 2.000000
0.466488 0.908771 2.000000
0.501581 1.000000 2.000000
