4
1
30
0.194751 0.000000 1.000000
0.173744 0.059446 1.000000
0.152738 0.118891 1.000000
0.131731 0.178337 1.000000
0.116232 0.239291 1.000000
0.104019 0.301145 1.000000
0.091806 0.362999 1.000000
0.079608 0.424855 1.000000
0.073824 0.487637 1.000000
0.068040 0.550419 1.000000
0.062255 0.613201 1.000000
0.080386 0.665625 1.000000
0.130138 0.704352 1.000000
0.189198 0.724276 1.000000
0.250161 0.740357 1.000000
0.312588 0.749159 1.000000
0.375027 0.757905 1.000000
0.395552 0.721474 0.000000
0.391506 0.658556 0.000000
0.387460 0.595638 0.000000
0.383414 0.532720 0.000000
0.375792 0.503114 2.000000
0.358486 0.563740 2.000000
0.342000 0.624575 2.000000
0.328318 0.686120 2.000000
0.319300 0.748343 2.000000
0.315542 0.811260 2.000000
0.315542 0.874308 2.000000
0.313346 0.937235 2.000000
0.309660 1.000000 2.000000
