4
1
30
0.122502 0.009405 1.000000
0.090391 0.076903 1.000000
0.058001 0.144696 1.000000
0.036293 0.216581 1.000000
0.021184 0.289885 1.000000
0.012910 0.364561 1.000000
0.027325 0.438134 1.000000
0.048769 0.509576 1.000000
0.082351 0.576786 1.000000
0.126086 0.637201 1.000000
0.175419 0.693868 1.000000
0.240527 0.730653 1.000000
0.309673 0.754761 1.000000
0.384806 0.754761 1.000000
0.459144 0.747626 1.000000
0.532432 0.731080 1.000000
0.592545 0.705410 0.000000
0.582244 0.630986 0.000000
0.571943 0.556563 0.000000
0.561643 0.482139 0.000000
0.551342 0.407715 0.000000
0.540601 0.421366 2.000000
0.538237 0.496424 2.000000
0.542390 0.571442 2.000000
0.548672 0.646293 2.000000
0.556314 0.721036 2.000000
0.571935 0.794513 2.000000
0.592264 0.866604 2.000000
0.621186 0.935815 2.000000
0.660240 1.000000 2.000000
