4
1
30
0.409653 0.000000 1.000000
0.353416 0.087492 1.000000
0.296721 0.174714 1.000000
0.239831 0.261811 1.000000
0.183094 0.349006 1.000000
0.127169 0.436722 1.000000
0.069781 0.523489 1.000000
0.013572 0.611027 1.000000
0.075615 0.639580 1.000000
0.177548 0.618803 1.000000
0.279810 0.599704 1.000000
0.382535 0.583358 1.000000
0.485779 0.570644 1.000000
0.589397 0.561508 1.000000
0.693343 0.558168 1.000000
0.797365 0.557661 1.000000
0.783312 0.475448 0.000000
0.734302 0.383685 0.000000
0.685293 0.291922 0.000000
0.636283 0.200160 0.000000
0.587273 0.108397 0.000000
0.557092 0.178801 2.000000
0.549695 0.282565 2.000000
0.541657 0.386284 2.000000
0.535158 0.490108 2.000000
0.530118 0.594016 2.000000
0.526579 0.697982 2.000000
0.524752 0.801985 2.000000
0.528731 0.905925 2.000000
0.555693 0.980198 2.000000
