4
1
30
0.061692 0.024615 1.000000
0.052299 0.063727 1.000000
0.054712 0.133007 1.000000
0.053611 0.202296 1.000000
0.049086 0.271509 1.000000
0.041807 0.340451 1.000000
0.032789 0.409223 1.000000
0.023011 0.477890 1.000000
0.013593 0.546594 1.000000
0.007694 0.615703 1.000000
0.007609 0.684977 1.000000
0.024931 0.751199 1.000000
0.083972 0.784627 1.000000
0.152353 0.793206 1.000000
0.221441 0.790435 1.000000
0.290052 0.780457 1.000000
0.357529 0.764399 1.000000
0.423966 0.744566 1.000000
0.486533 0.720779 0.000000
0.441813 0.667760 0.000000
0.397093 0.614740 0.000000
0.352374 0.561721 0.000000
0.304465 0.537154 2.000000
0.272260 0.597565 2.000000
0.256865 0.665015 2.000000
0.249262 0.733812 2.000000
0.248990 0.803015 2.000000
0.256866 0.871824 2.000000
0.277635 0.937943 2.000000
0.308615 1.000000 2.000000
