4
1
30
0.072799 0.030358 1.000000
0.049094 0.044078 1.000000
0.041552 0.112022 1.000000
0.032886 0.179834 1.000000
0.028373 0.248040 1.000000
0.023450 0.316222 1.000000
0.017976 0.384365 1.000000
0.013505 0.452582 1.000000
0.008592 0.520768 1.000000
0.004963 0.589020 1.000000
0.011554 0.656726 1.000000
0.065033 0.686542 1.000000
0.133028 0.679638 1.000000
0.200943 0.671979 1.000000
0.268406 0.661910 1.000000
0.334267 0.643840 1.000000
0.347947 0.593600 0.000000
0.332801 0.526935 0.000000
0.317655 0.460271 0.000000
0.302509 0.393607 0.000000
0.265036 0.397498 2.000000
0.243206 0.461954 2.000000
0.227057 0.528383 2.000000
0.216413 0.595901 2.000000
0.207560 0.663662 2.000000
0.201006 0.731711 2.000000
0.197752 0.799983 2.000000
0.191875 0.867954 2.000000
0.178706 0.934951 2.000000
0.157680 1.000000 2.000000
