4
1
30
0.077818 0.011077 1.000000
0.046708 0.083422 1.000000
0.023658 0.158942 1.000000
0.008071 0.235718 1.000000
0.012257 0.314423 1.000000
0.039238 0.388644 1.000000
0.073105 0.459964 1.000000
0.113659 0.527390 1.000000
0.163342 0.588365 1.000000
0.222149 0.640490 1.000000
0.293951 0.673371 1.000000
0.371016 0.689090 1.000000
0.448586 0.681528 1.000000
0.483662 0.619799 0.000000
0.505868 0.544012 0.000000
0.528075 0.468226 0.000000
0.550281 0.392439 0.000000
0.572487 0.316653 0.000000
0.594693 0.240866 0.000000
0.562183 0.243672 2.000000
0.540898 0.319723 2.000000
0.527488 0.397457 2.000000
0.515809 0.475562 2.000000
0.508473 0.554183 2.000000
0.501500 0.632847 2.000000
0.507138 0.711373 2.000000
0.517473 0.789516 2.000000
0.541545 0.864731 2.000000
0.583304 0.931327 2.000000
0.622265 1.000000 2.000000
