4
1
30
0.038100 0.018815 1.000000
0.073730 0.084737 1.000000
0.071688 0.179715 1.000000
0.062010 0.274326 1.000000
0.048787 0.368579 1.000000
0.033092 0.462457 1.000000
0.018784 0.556545 1.000000
0.006453 0.650867 1.000000
0.012164 0.745876 1.000000
0.054963 0.824923 1.000000
0.147207 0.827789 1.000000
0.239607 0.805862 1.000000
0.330669 0.778297 1.000000
0.420315 0.746315 1.000000
0.509022 0.712036 1.000000
0.595361 0.671975 1.000000
0.647696 0.622764 0.000000
0.593120 0.544784 0.000000
0.538544 0.466805 0.000000
0.483968 0.388825 0.000000
0.429392 0.310846 0.000000
0.369781 0.290665 2.000000
0.304700 0.359857 2.000000
0.250914 0.438003 2.000000
0.230321 0.530929 2.000000
0.226717 0.625715 2.000000
0.231471 0.720659 2.000000
0.241195 0.815340 2.000000
0.253107 0.909689 2.000000
0.283161 1.000000 2.000000
