4
1
30
0.034894 0.000000 1.000000
0.006816 0.059843 1.000000
0.000905 0.127264 1.000000
0.000000 0.194974 1.000000
0.001368 0.262669 1.000000
0.006180 0.330242 1.000000
0.016765 0.396879 1.000000
0.033535 0.462515 1.000000
0.057073 0.525747 1.000000
0.085452 0.587260 1.000000
0.122043 0.644000 1.000000
0.164475 0.696389 1.000000
0.216939 0.738580 1.000000
0.280274 0.761012 1.000000
0.312463 0.722707 0.000000
0.325232 0.656177 0.000000
0.338002 0.589648 0.000000
0.350772 0.523118 0.000000
0.363542 0.456589 0.000000
0.376311 0.390059 0.000000
0.393340 0.388406 2.000000
0.404510 0.455043 2.000000
0.410327 0.522471 2.000000
0.413325 0.590148 2.000000
0.417952 0.657721 2.000000
0.423682 0.725222 2.000000
0.431090 0.792544 2.000000
0.439720 0.859736 2.000000
0.455355 0.925606 2.000000
0.478327 0.982661 2.000000
