4
1
30
0.251256 0.000000 1.000000
0.202039 0.085514 1.000000
0.155932 0.172807 1.000000
0.109541 0.259945 1.000000
0.061409 0.346143 1.000000
0.014196 0.432810 1.000000
0.031234 0.517832 1.000000
0.126805 0.540812 1.000000
0.225281 0.546976 1.000000
0.324002 0.547739 1.000000
0.422711 0.546075 1.000000
0.521315 0.541331 1.000000
0.619782 0.534173 1.000000
0.718110 0.525328 1.000000
0.680133 0.437302 0.000000
0.639097 0.347508 0.000000
0.598061 0.257713 0.000000
0.557025 0.167919 0.000000
0.515989 0.078124 0.000000
0.461534 0.059123 2.000000
0.405271 0.139444 2.000000
0.370587 0.231720 2.000000
0.345668 0.327197 2.000000
0.325534 0.423843 2.000000
0.308814 0.521143 2.000000
0.292851 0.618570 2.000000
0.277815 0.716145 2.000000
0.264755 0.813997 2.000000
0.256374 0.912347 2.000000
0.281407 1.000000 2.000000
