4
1
30
0.352445 0.088533 1.000000
0.319487 0.028352 1.000000
0.262255 0.116185 1.000000
0.200848 0.201244 1.000000
0.139438 0.286307 1.000000
0.079612 0.372482 1.000000
0.024588 0.461740 1.000000
0.025356 0.554385 1.000000
0.126964 0.575522 1.000000
0.231847 0.576223 1.000000
0.336667 0.571852 1.000000
0.441442 0.566469 1.000000
0.546220 0.561127 1.000000
0.651026 0.556386 1.000000
0.755880 0.552896 1.000000
0.813845 0.554055 1.000000
0.713796 0.532118 0.000000
0.654350 0.445671 0.000000
0.594905 0.359223 0.000000
0.535459 0.272776 0.000000
0.475754 0.186520 2.000000
0.408687 0.174758 2.000000
0.385293 0.276820 2.000000
0.366419 0.380021 2.000000
0.346023 0.482929 2.000000
0.325944 0.585899 2.000000
0.307677 0.689210 2.000000
0.291364 0.792840 2.000000
0.276880 0.896700 2.000000
0.285835 1.000000 2.000000
