4
1
30
0.105573 0.086997 1.000000
0.127434 0.009951 1.000000
0.118956 0.086029 1.000000
0.103208 0.164849 1.000000
0.084641 0.243036 1.000000
0.065153 0.321016 1.000000
0.047254 0.399375 1.000000
0.029971 0.477865 1.000000
0.014752 0.556789 1.000000
0.010320 0.636744 1.000000
0.018552 0.716416 1.000000
0.080462 0.750671 1.000000
0.157277 0.728824 1.000000
0.231385 0.697744 1.000000
0.303486 0.662295 1.000000
0.375449 0.626500 1.000000
0.445046 0.586653 1.000000
0.509606 0.538896 1.000000
0.511549 0.487082 0.000000
0.441270 0.448076 0.000000
0.370991 0.409070 0.000000
0.298412 0.378947 2.000000
0.280460 0.447088 2.000000
0.275300 0.527017 2.000000
0.263459 0.606508 2.000000
0.249544 0.685673 2.000000
0.235982 0.764898 2.000000
0.226974 0.844570 2.000000
0.229379 0.924607 2.000000
0.254644 1.000000 2.000000
