4
0
30
0.000000 0.105919 1.000000
0.005834 0.036519 1.000000
0.021449 0.139547 1.000000
0.038158 0.242401 1.000000
0.055662 0.345111 1.000000
0.080168 0.446393 1.000000
0.105248 0.547516 1.000000
0.136166 0.647028 1.000000
0.170753 0.745044 1.000000
0.218235 0.837802 1.000000
0.278666 0.922190 1.000000
0.367560 0.945506 1.000000
0.426695 0.861403 1.000000
0.465791 0.764810 1.000000
0.495535 0.664968 1.000000
0.524759 0.564946 1.000000
0.548261 0.463453 1.000000
0.570866 0.361730 1.000000
0.590051 0.259347 1.000000
0.606917 0.156516 1.000000
0.600067 0.093220 1.000000
0.590463 0.195826 1.000000
0.590978 0.300005 1.000000
0.593827 0.404120 1.000000
0.609029 0.507210 1.000000
0.625916 0.609965 1.000000
0.651212 0.711053 1.000000
0.683036 0.810059 1.000000
0.722914 0.906204 1.000000
0.778816 0.980829 1.000000
