4
1
30
0.480601 0.000000 1.000000
0.433102 0.090769 1.000000
0.385528 0.181499 1.000000
0.336378 0.271349 1.000000
0.284003 0.359395 1.000000
0.230449 0.446726 1.000000
0.173315 0.531670 1.000000
0.111375 0.613225 1.000000
0.041552 0.687885 1.000000
0.059678 0.702580 1.000000
0.159477 0.679597 1.000000
0.257905 0.651242 1.000000
0.356710 0.624193 1.000000
0.456537 0.601233 1.000000
0.557782 0.586393 1.000000
0.659857 0.589765 1.000000
0.725763 0.586772 0.000000
0.675454 0.497530 0.000000
0.625145 0.408288 0.000000
0.574835 0.319045 0.000000
0.524526 0.229803 0.000000
0.476312 0.190921 2.000000
0.459916 0.291373 2.000000
0.460538 0.393724 2.000000
0.465666 0.496041 2.000000
0.467288 0.598371 2.000000
0.459539 0.700403 2.000000
0.439919 0.800791 2.000000
0.411870 0.899299 2.000000
0.405507 1.000000 2.000000
