4
1
30
0.493314 0.000000 1.000000
0.409828 0.057347 1.000000
0.327339 0.116109 1.000000
0.245772 0.176151 1.000000
0.166869 0.239646 1.000000
0.090786 0.306453 1.000000
0.021134 0.379733 1.000000
0.043814 0.455537 1.000000
0.143484 0.468992 1.000000
0.244473 0.462657 1.000000
0.344957 0.450078 1.000000
0.445327 0.436512 1.000000
0.545739 0.423246 1.000000
0.646151 0.409979 1.000000
0.746604 0.397030 1.000000
0.847239 0.385618 1.000000
0.948220 0.377961 1.000000
1.049473 0.375929 1.000000
0.987156 0.349765 0.000000
0.890923 0.318177 0.000000
0.794691 0.286589 0.000000
0.698458 0.255001 0.000000
0.618030 0.299521 2.000000
0.589613 0.395590 2.000000
0.575710 0.495899 2.000000
0.564529 0.596515 2.000000
0.558957 0.697628 2.000000
0.559112 0.798846 2.000000
0.566243 0.899838 2.000000
0.580981 1.000000 2.000000
