4
1
30
0.265239 0.013180 1.000000
0.225907 0.099627 1.000000
0.177593 0.181416 1.000000
0.126478 0.261542 1.000000
0.072240 0.339578 1.000000
0.021811 0.419998 1.000000
0.056285 0.473358 1.000000
0.148791 0.452158 1.000000
0.240191 0.426091 1.000000
0.332359 0.402936 1.000000
0.425453 0.383833 1.000000
0.519607 0.371264 1.000000
0.614576 0.371709 1.000000
0.687004 0.371313 0.000000
0.629766 0.295431 0.000000
0.572528 0.219549 0.000000
0.515289 0.143668 0.000000
0.458051 0.067786 0.000000
0.403845 0.009663 2.000000
0.376307 0.100589 2.000000
0.355792 0.193371 2.000000
0.340477 0.287178 2.000000
0.329683 0.381612 2.000000
0.318462 0.475996 2.000000
0.306934 0.570343 2.000000
0.297096 0.664858 2.000000
0.291942 0.759726 2.000000
0.295886 0.854525 2.000000
0.317318 0.946553 2.000000
0.392092 0.980231 2.000000
