4
1
30
0.202353 0.022745 1.000000
0.181711 0.099580 1.000000
0.138885 0.181874 1.000000
0.097318 0.264805 1.000000
0.058418 0.349019 1.000000
0.024374 0.435292 1.000000
0.004785 0.524846 1.000000
0.084958 0.538422 1.000000
0.173431 0.510556 1.000000
0.261273 0.480719 1.000000
0.349356 0.451615 1.000000
0.437986 0.424223 1.000000
0.527142 0.398594 1.000000
0.605905 0.360681 0.000000
0.548436 0.287854 0.000000
0.490967 0.215026 0.000000
0.433497 0.142199 0.000000
0.376028 0.069372 0.000000
0.328564 0.042864 2.000000
0.308291 0.133360 2.000000
0.295437 0.225161 2.000000
0.285182 0.317363 2.000000
0.274514 0.409519 2.000000
0.262921 0.501563 2.000000
0.252914 0.593790 2.000000
0.244734 0.686197 2.000000
0.238950 0.778784 2.000000
0.238601 0.871524 2.000000
0.251900 0.962694 2.000000
0.327843 0.992941 2.000000
