4
1
30
0.203883 0.061165 1.000000
0.281240 0.035262 1.000000
0.219996 0.113082 1.000000
0.158358 0.191106 1.000000
0.099697 0.271391 1.000000
0.044982 0.354388 1.000000
0.006019 0.445193 1.000000
0.064549 0.501156 1.000000
0.163585 0.492648 1.000000
0.262160 0.479544 1.000000
0.360525 0.464930 1.000000
0.458780 0.449595 1.000000
0.557014 0.434128 1.000000
0.654850 0.416344 1.000000
0.743074 0.377829 1.000000
0.705946 0.294712 0.000000
0.644728 0.216343 0.000000
0.583509 0.137975 0.000000
0.522290 0.059606 0.000000
0.469594 0.023005 2.000000
0.464078 0.122027 2.000000
0.462605 0.221451 2.000000
0.458268 0.320799 2.000000
0.454584 0.420171 2.000000
0.453398 0.519605 2.000000
0.454907 0.619025 2.000000
0.461660 0.718199 2.000000
0.476205 0.816531 2.000000
0.493453 0.914459 2.000000
0.536893 1.000000 2.000000
