4
1
30
0.230643 0.047776 1.000000
0.254731 0.044562 1.000000
0.202566 0.114084 1.000000
0.151021 0.184095 1.000000
0.101469 0.255535 1.000000
0.054213 0.328502 1.000000
0.014112 0.405508 1.000000
0.034250 0.475150 1.000000
0.120386 0.482702 1.000000
0.207315 0.481764 1.000000
0.294094 0.476703 1.000000
0.380597 0.468007 1.000000
0.467096 0.459259 1.000000
0.553169 0.447176 1.000000
0.631399 0.412244 1.000000
0.630306 0.331224 0.000000
0.579454 0.260702 0.000000
0.528601 0.190179 0.000000
0.477748 0.119657 0.000000
0.470499 0.129466 2.000000
0.469455 0.216395 2.000000
0.466090 0.303274 2.000000
0.464031 0.390184 2.000000
0.464845 0.477110 2.000000
0.469054 0.563952 2.000000
0.475545 0.650654 2.000000
0.482025 0.737357 2.000000
0.490407 0.823888 2.000000
0.498338 0.910468 2.000000
0.502471 0.955519 2.000000
