4
1
30
0.574257 0.000000 1.000000
0.476960 0.061917 1.000000
0.380426 0.124997 1.000000
0.285624 0.190619 1.000000
0.195982 0.263047 1.000000
0.113815 0.343873 1.000000
0.039465 0.431877 1.000000
0.011230 0.535982 1.000000
0.112471 0.583495 1.000000
0.227448 0.590015 1.000000
0.342745 0.590655 1.000000
0.457961 0.585712 1.000000
0.573035 0.578167 1.000000
0.687909 0.567947 1.000000
0.802707 0.556908 1.000000
0.917352 0.544376 1.000000
1.031872 0.530763 1.000000
1.145745 0.512633 1.000000
1.119481 0.438641 0.000000
1.048440 0.347791 0.000000
0.977400 0.256941 0.000000
0.901448 0.172758 2.000000
0.812898 0.232983 2.000000
0.757206 0.333829 2.000000
0.712027 0.439898 2.000000
0.673585 0.548597 2.000000
0.641666 0.659365 2.000000
0.616578 0.771893 2.000000
0.600671 0.886045 2.000000
0.613861 1.000000 2.000000
