4
1
30
0.456349 0.049603 1.000000
0.359797 0.099409 1.000000
0.288455 0.182220 1.000000
0.222858 0.270266 1.000000
0.158166 0.358976 1.000000
0.095509 0.449123 1.000000
0.038515 0.542845 1.000000
0.006732 0.646008 1.000000
0.088232 0.699944 1.000000
0.197891 0.697449 1.000000
0.307056 0.685976 1.000000
0.415837 0.671100 1.000000
0.523396 0.649242 1.000000
0.630061 0.623233 1.000000
0.732292 0.583912 1.000000
0.819054 0.518974 0.000000
0.773929 0.418879 0.000000
0.728804 0.318785 0.000000
0.683679 0.218690 0.000000
0.638555 0.118595 0.000000
0.582412 0.033738 2.000000
0.542328 0.116110 2.000000
0.547922 0.225732 2.000000
0.557683 0.335086 2.000000
0.565453 0.444601 2.000000
0.575457 0.553941 2.000000
0.585162 0.663307 2.000000
0.595684 0.772582 2.000000
0.609482 0.881501 2.000000
0.619048 0.972222 2.000000
