4
1
30
0.187348 0.000000 1.000000
0.181719 0.075854 1.000000
0.167945 0.150584 1.000000
0.148537 0.224139 1.000000
0.122890 0.295770 1.000000
0.099291 0.368098 1.000000
0.072759 0.439406 1.000000
0.048091 0.511375 1.000000
0.021619 0.582684 1.000000
0.009181 0.656167 1.000000
0.071378 0.685257 1.000000
0.146495 0.673677 1.000000
0.221713 0.662221 1.000000
0.297110 0.652012 1.000000
0.372453 0.641421 1.000000
0.447265 0.627633 1.000000
0.522109 0.616578 1.000000
0.476993 0.567976 0.000000
0.418020 0.519900 0.000000
0.359046 0.471824 0.000000
0.300072 0.423747 0.000000
0.246633 0.410554 2.000000
0.237866 0.486133 2.000000
0.235673 0.562176 2.000000
0.230702 0.638099 2.000000
0.226911 0.714092 2.000000
0.223870 0.790118 2.000000
0.224606 0.866200 2.000000
0.230289 0.941733 2.000000
0.274939 1.000000 2.000000
