4
1
30
0.306050 0.000000 1.000000
0.259357 0.080415 1.000000
0.211658 0.160224 1.000000
0.162444 0.239122 1.000000
0.112498 0.317557 1.000000
0.061679 0.395427 1.000000
0.014797 0.475634 1.000000
0.034956 0.550586 1.000000
0.124716 0.571922 1.000000
0.217596 0.574509 1.000000
0.310239 0.568630 1.000000
0.402102 0.554243 1.000000
0.493583 0.537566 1.000000
0.584838 0.519703 1.000000
0.676756 0.506038 1.000000
0.769190 0.496015 1.000000
0.837827 0.477542 0.000000
0.780798 0.404096 0.000000
0.723768 0.330649 0.000000
0.666739 0.257202 0.000000
0.611754 0.190714 2.000000
0.603512 0.283337 2.000000
0.596818 0.376072 2.000000
0.591491 0.468907 2.000000
0.593880 0.561856 2.000000
0.600845 0.654417 2.000000
0.614826 0.746348 2.000000
0.646839 0.833617 2.000000
0.685739 0.917988 2.000000
0.729537 1.000000 2.000000
