4
0
30
0.631054 0.000000 1.000000
0.563012 0.085291 1.000000
0.488721 0.165210 1.000000
0.409412 0.240045 1.000000
0.327213 0.311689 1.000000
0.239920 0.377159 1.000000
0.150277 0.439301 1.000000
0.059969 0.500534 1.000000
0.049026 0.567325 1.000000
0.156737 0.581367 1.000000
0.265829 0.580284 1.000000
0.374876 0.576744 1.000000
0.483883 0.571913 1.000000
0.592667 0.563419 1.000000
0.701327 0.553656 1.000000
0.809696 0.540907 1.000000
0.824274 0.458741 1.000000
0.799652 0.353475 1.000000
0.738563 0.263063 1.000000
0.669234 0.180021 1.000000
0.586171 0.109263 1.000000
0.528726 0.129695 1.000000
0.516569 0.237821 1.000000
0.511006 0.346784 1.000000
0.505312 0.455748 1.000000
0.498978 0.564677 1.000000
0.496664 0.673768 1.000000
0.498684 0.782806 1.000000
0.505682 0.891642 1.000000
0.518519 1.000000 1.000000
