4
1
30
0.108216 0.118236 1.000000
0.056696 0.189273 1.000000
0.012941 0.264974 1.000000
0.002672 0.351540 1.000000
0.020515 0.436914 1.000000
0.066254 0.510609 1.000000
0.138739 0.558763 1.000000
0.223475 0.578917 1.000000
0.310521 0.571147 1.000000
0.393889 0.544782 1.000000
0.470696 0.502899 1.000000
0.537884 0.446862 1.000000
0.590618 0.381006 0.000000
0.541158 0.308514 0.000000
0.491697 0.236022 0.000000
0.442237 0.163531 0.000000
0.392776 0.091039 0.000000
0.343316 0.018547 0.000000
0.302960 0.059138 2.000000
0.266631 0.138989 2.000000
0.235508 0.221042 2.000000
0.212565 0.305589 2.000000
0.193372 0.391218 2.000000
0.175402 0.477106 2.000000
0.162023 0.563838 2.000000
0.150409 0.650813 2.000000
0.141356 0.738038 2.000000
0.139789 0.825781 2.000000
0.144717 0.913370 2.000000
0.158317 1.000000 2.000000
