4
1
30
0.564460 0.000000 1.000000
0.493673 0.080722 1.000000
0.421109 0.159825 1.000000
0.346917 0.237406 1.000000
0.268568 0.310811 1.000000
0.188477 0.382275 1.000000
0.107181 0.452400 1.000000
0.029034 0.525766 1.000000
0.058015 0.596634 1.000000
0.164328 0.609901 1.000000
0.271612 0.611331 1.000000
0.378862 0.606395 1.000000
0.485808 0.596976 1.000000
0.592053 0.582205 1.000000
0.697255 0.561159 1.000000
0.793413 0.530658 0.000000
0.734393 0.440973 0.000000
0.675372 0.351288 0.000000
0.616351 0.261604 0.000000
0.557331 0.171919 0.000000
0.498310 0.082234 0.000000
0.481674 0.142773 2.000000
0.489871 0.249818 2.000000
0.500719 0.356631 2.000000
0.508459 0.463699 2.000000
0.515122 0.570855 2.000000
0.519294 0.678137 2.000000
0.523453 0.785420 2.000000
0.527406 0.892710 2.000000
0.531359 1.000000 2.000000
