4
1
30
0.011013 0.000000 1.000000
0.009432 0.061148 1.000000
0.012207 0.122152 1.000000
0.024924 0.181377 1.000000
0.051360 0.236324 1.000000
0.087959 0.284728 1.000000
0.135952 0.321725 1.000000
0.192571 0.342250 1.000000
0.253306 0.345917 1.000000
0.314108 0.340113 1.000000
0.343418 0.308353 0.000000
0.332937 0.248090 0.000000
0.322457 0.187826 0.000000
0.311976 0.127563 0.000000
0.299938 0.095335 2.000000
0.282847 0.154067 2.000000
0.265755 0.212799 2.000000
0.250633 0.272063 2.000000
0.235798 0.331405 2.000000
0.224940 0.391576 2.000000
0.214889 0.451911 2.000000
0.207111 0.512583 2.000000
0.199835 0.573304 2.000000
0.195587 0.634324 2.000000
0.191948 0.695374 2.000000
0.190226 0.756518 2.000000
0.189427 0.817675 2.000000
0.189534 0.878839 2.000000
0.194029 0.939842 2.000000
0.204846 1.000000 2.000000
