4
1
30
0.119143 0.000000 1.000000
0.062045 0.053882 1.000000
0.018967 0.118469 1.000000
0.006833 0.195411 1.000000
0.017209 0.272817 1.000000
0.045428 0.345857 1.000000
0.095341 0.405812 1.000000
0.161070 0.447880 1.000000
0.235800 0.470172 1.000000
0.313851 0.473682 1.000000
0.391561 0.463526 1.000000
0.467572 0.444120 1.000000
0.541460 0.417638 1.000000
0.539923 0.378279 0.000000
0.477279 0.330887 0.000000
0.414634 0.283495 0.000000
0.351989 0.236103 0.000000
0.289345 0.188711 0.000000
0.232809 0.208091 2.000000
0.184545 0.269829 2.000000
0.151028 0.340297 2.000000
0.127544 0.415226 2.000000
0.109577 0.491665 2.000000
0.095463 0.568907 2.000000
0.084411 0.646652 2.000000
0.076126 0.724762 2.000000
0.071749 0.803191 2.000000
0.072354 0.881705 2.000000
0.088372 0.958142 2.000000
0.151272 1.000000 2.000000
