4
1
30
0.250000 0.000000 1.000000
0.188541 0.072333 1.000000
0.125956 0.143697 1.000000
0.065823 0.217161 1.000000
0.019586 0.299865 1.000000
0.031292 0.385132 1.000000
0.122664 0.408190 1.000000
0.217392 0.413510 1.000000
0.312283 0.411637 1.000000
0.407059 0.406197 1.000000
0.501619 0.397845 1.000000
0.595913 0.386873 1.000000
0.689951 0.373838 1.000000
0.783042 0.355483 1.000000
0.859323 0.304887 1.000000
0.827057 0.235517 0.000000
0.752116 0.177229 0.000000
0.677175 0.118941 0.000000
0.593730 0.092266 2.000000
0.557348 0.175907 2.000000
0.547927 0.270377 2.000000
0.540487 0.364970 2.000000
0.536042 0.459803 2.000000
0.531122 0.554610 2.000000
0.527811 0.649491 2.000000
0.523079 0.744313 2.000000
0.520492 0.839188 2.000000
0.531198 0.933220 2.000000
0.591999 0.995910 2.000000
0.683642 0.973765 2.000000
