4
0
30
0.504367 0.000000 1.000000
0.428776 0.037771 1.000000
0.362471 0.091151 1.000000
0.292062 0.139096 1.000000
0.220819 0.185794 1.000000
0.145302 0.224974 1.000000
0.069953 0.264663 1.000000
0.010710 0.308202 1.000000
0.092808 0.327873 1.000000
0.177493 0.336627 1.000000
0.262496 0.342118 1.000000
0.347670 0.343402 1.000000
0.432803 0.342654 1.000000
0.517857 0.337953 1.000000
0.564192 0.284255 1.000000
0.577600 0.202194 1.000000
0.559413 0.118975 1.000000
0.514762 0.046828 1.000000
0.484862 0.066160 1.000000
0.479291 0.151156 1.000000
0.475983 0.236254 1.000000
0.475983 0.321438 1.000000
0.473555 0.406576 1.000000
0.469362 0.491628 1.000000
0.460255 0.576323 1.000000
0.450427 0.660936 1.000000
0.439925 0.745469 1.000000
0.428782 0.829921 1.000000
0.424012 0.914952 1.000000
0.419214 1.000000 1.000000
