4
1
30
0.447964 0.063348 1.000000
0.395462 0.167265 1.000000
0.341095 0.270203 1.000000
0.284781 0.372087 1.000000
0.225040 0.472017 1.000000
0.157612 0.566813 1.000000
0.081277 0.654463 1.000000
0.014205 0.726537 1.000000
0.128654 0.705925 1.000000
0.240554 0.673832 1.000000
0.351356 0.638104 1.000000
0.461088 0.599195 1.000000
0.572807 0.566450 1.000000
0.686110 0.539801 1.000000
0.801531 0.525259 1.000000
0.917854 0.520629 1.000000
0.878474 0.425673 0.000000
0.824854 0.322329 0.000000
0.771235 0.218985 0.000000
0.717616 0.115641 0.000000
0.663997 0.012297 0.000000
0.663360 0.102354 2.000000
0.679335 0.217671 2.000000
0.698256 0.332538 2.000000
0.720925 0.446736 2.000000
0.744166 0.560818 2.000000
0.776567 0.672563 2.000000
0.813289 0.783037 2.000000
0.853254 0.892383 2.000000
0.897436 1.000000 2.000000
