4
1
30
0.276102 0.225831 1.000000
0.196954 0.279592 1.000000
0.136382 0.359804 1.000000
0.081172 0.443794 1.000000
0.032400 0.531673 1.000000
0.003815 0.626694 1.000000
0.074580 0.689626 1.000000
0.171290 0.716535 1.000000
0.271223 0.727223 1.000000
0.371665 0.730052 1.000000
0.471849 0.722551 1.000000
0.571055 0.706498 1.000000
0.612022 0.648451 0.000000
0.587612 0.550924 0.000000
0.563202 0.453396 0.000000
0.538792 0.355869 0.000000
0.514383 0.258342 0.000000
0.489973 0.160814 0.000000
0.465563 0.063287 0.000000
0.404784 0.013649 2.000000
0.363240 0.102880 2.000000
0.347652 0.201985 2.000000
0.350416 0.302371 2.000000
0.361257 0.402290 2.000000
0.375725 0.501779 2.000000
0.390472 0.601227 2.000000
0.405149 0.700686 2.000000
0.419352 0.800211 2.000000
0.432183 0.899921 2.000000
0.441609 1.000000 2.000000
