4
1
30
0.091803 0.000000 1.000000
0.041211 0.053518 1.000000
0.011427 0.120091 1.000000
0.005382 0.193485 1.000000
0.012530 0.266753 1.000000
0.031886 0.337815 1.000000
0.064659 0.403596 1.000000
0.111898 0.459904 1.000000
0.172691 0.500977 1.000000
0.242529 0.523961 1.000000
0.315966 0.528672 1.000000
0.388970 0.518571 1.000000
0.459600 0.497317 1.000000
0.527940 0.469422 1.000000
0.594969 0.438425 1.000000
0.549638 0.389930 0.000000
0.495179 0.340041 0.000000
0.440720 0.290151 0.000000
0.386261 0.240262 0.000000
0.356628 0.266230 2.000000
0.342203 0.338664 2.000000
0.328742 0.411282 2.000000
0.316805 0.484144 2.000000
0.307650 0.557422 2.000000
0.302016 0.631063 2.000000
0.298504 0.704824 2.000000
0.297337 0.778640 2.000000
0.299241 0.852470 2.000000
0.302707 0.926244 2.000000
0.306557 1.000000 2.000000
