4
1
30
0.188537 0.000000 1.000000
0.125116 0.062325 1.000000
0.084097 0.142563 1.000000
0.052058 0.226993 1.000000
0.024751 0.313071 1.000000
0.003959 0.400866 1.000000
0.035037 0.475633 1.000000
0.123701 0.483755 1.000000
0.213918 0.479538 1.000000
0.304205 0.479206 1.000000
0.394443 0.482997 1.000000
0.484545 0.489091 1.000000
0.574226 0.499686 1.000000
0.654932 0.507564 0.000000
0.613850 0.427126 0.000000
0.572768 0.346687 0.000000
0.531686 0.266249 0.000000
0.490603 0.185811 0.000000
0.430927 0.119854 2.000000
0.359358 0.131635 2.000000
0.331222 0.216602 2.000000
0.315722 0.305490 2.000000
0.304614 0.395121 2.000000
0.295332 0.484965 2.000000
0.290135 0.575099 2.000000
0.288901 0.665373 2.000000
0.291839 0.755615 2.000000
0.300864 0.845476 2.000000
0.325915 0.931865 2.000000
0.383107 1.000000 2.000000
