4
1
30
0.238596 0.008772 1.000000
0.148837 0.036197 1.000000
0.100377 0.120672 1.000000
0.066522 0.212620 1.000000
0.037154 0.306092 1.000000
0.012682 0.400946 1.000000
0.001207 0.498033 1.000000
0.051325 0.571476 1.000000
0.148720 0.573226 1.000000
0.246034 0.561793 1.000000
0.342306 0.543557 1.000000
0.438226 0.523534 1.000000
0.533708 0.501517 1.000000
0.628707 0.477500 1.000000
0.685195 0.435708 0.000000
0.635511 0.351246 0.000000
0.585828 0.266784 0.000000
0.536144 0.182322 0.000000
0.486461 0.097861 0.000000
0.443025 0.070108 2.000000
0.414165 0.163745 2.000000
0.387022 0.257901 2.000000
0.361451 0.352492 2.000000
0.337342 0.447469 2.000000
0.316819 0.543245 2.000000
0.303481 0.640202 2.000000
0.298546 0.737992 2.000000
0.306320 0.835349 2.000000
0.333740 0.928775 2.000000
0.400000 1.000000 2.000000
