4
1
30
0.051020 0.000000 1.000000
0.019484 0.060042 1.000000
0.004561 0.125620 1.000000
0.017525 0.192025 1.000000
0.050062 0.250772 1.000000
0.097241 0.299029 1.000000
0.159221 0.326514 1.000000
0.225515 0.341246 1.000000
0.293422 0.341270 1.000000
0.360796 0.333916 1.000000
0.427382 0.320973 1.000000
0.493195 0.304284 1.000000
0.557793 0.283334 1.000000
0.621321 0.259388 1.000000
0.623556 0.221405 0.000000
0.576258 0.172674 0.000000
0.533978 0.144295 2.000000
0.514753 0.209428 2.000000
0.495527 0.274560 2.000000
0.476413 0.339725 2.000000
0.457575 0.404970 2.000000
0.438736 0.470215 2.000000
0.421506 0.535899 2.000000
0.404624 0.601678 2.000000
0.389228 0.667817 2.000000
0.374043 0.734008 2.000000
0.358375 0.800087 2.000000
0.343341 0.866306 2.000000
0.329640 0.932817 2.000000
0.319728 1.000000 2.000000
