4
1
30
0.172434 0.008074 1.000000
0.110395 0.049690 1.000000
0.068577 0.117482 1.000000
0.038262 0.191161 1.000000
0.016613 0.267848 1.000000
0.004231 0.346522 1.000000
0.008742 0.425488 1.000000
0.039677 0.498426 1.000000
0.091713 0.558094 1.000000
0.166490 0.584910 1.000000
0.245355 0.596149 1.000000
0.325009 0.598784 1.000000
0.404392 0.592282 1.000000
0.463609 0.548669 0.000000
0.454516 0.469435 0.000000
0.445424 0.390200 0.000000
0.436331 0.310966 0.000000
0.427239 0.231731 0.000000
0.412006 0.154634 2.000000
0.376305 0.218958 2.000000
0.359480 0.296865 2.000000
0.349214 0.375902 2.000000
0.343059 0.455406 2.000000
0.339291 0.535061 2.000000
0.337638 0.614791 2.000000
0.338123 0.694541 2.000000
0.341603 0.774219 2.000000
0.349746 0.853549 2.000000
0.366004 0.931534 2.000000
0.403691 1.000000 2.000000
