4
1
30
0.309568 0.007505 1.000000
0.210889 0.033951 1.000000
0.135515 0.109286 1.000000
0.077576 0.199201 1.000000
0.035189 0.297452 1.000000
0.007701 0.400771 1.000000
0.011523 0.506816 1.000000
0.073016 0.590443 1.000000
0.175546 0.618299 1.000000
0.282341 0.625391 1.000000
0.389348 0.622741 1.000000
0.495984 0.612586 1.000000
0.602214 0.598950 1.000000
0.707919 0.581622 1.000000
0.812921 0.560496 1.000000
0.915941 0.531317 1.000000
0.899653 0.438109 0.000000
0.866442 0.336264 0.000000
0.833232 0.234419 0.000000
0.800022 0.132574 0.000000
0.721916 0.110185 2.000000
0.636591 0.173067 2.000000
0.582827 0.265077 2.000000
0.545423 0.365316 2.000000
0.515515 0.468179 2.000000
0.496504 0.573558 2.000000
0.480526 0.679395 2.000000
0.472768 0.786237 2.000000
0.471471 0.893103 2.000000
0.478424 1.000000 2.000000
