4
1
30
0.184662 0.000000 1.000000
0.101888 0.043941 1.000000
0.064642 0.132115 1.000000
0.033323 0.222654 1.000000
0.008981 0.315271 1.000000
0.005039 0.410265 1.000000
0.064554 0.481119 1.000000
0.154705 0.512137 1.000000
0.249365 0.526718 1.000000
0.344878 0.534120 1.000000
0.440643 0.537332 1.000000
0.536450 0.536624 1.000000
0.632079 0.531086 1.000000
0.725849 0.512843 1.000000
0.737032 0.430321 0.000000
0.694650 0.344380 0.000000
0.652268 0.258438 0.000000
0.609886 0.172497 0.000000
0.566925 0.087095 2.000000
0.479752 0.065598 2.000000
0.423939 0.140977 2.000000
0.397913 0.232828 2.000000
0.383798 0.327583 2.000000
0.374418 0.422943 2.000000
0.367303 0.518499 2.000000
0.361958 0.614172 2.000000
0.358038 0.709915 2.000000
0.355533 0.805696 2.000000
0.356236 0.901514 2.000000
0.373360 0.989909 2.000000
