4
1
30
0.432370 0.000000 1.000000
0.354580 0.057532 1.000000
0.279499 0.118572 1.000000
0.208281 0.184051 1.000000
0.143212 0.255633 1.000000
0.085023 0.332926 1.000000
0.034776 0.415474 1.000000
0.009247 0.507117 1.000000
0.055102 0.586973 1.000000
0.141771 0.628427 1.000000
0.236169 0.649227 1.000000
0.332241 0.660610 1.000000
0.428810 0.666492 1.000000
0.525561 0.668107 1.000000
0.622315 0.666350 1.000000
0.718539 0.656579 1.000000
0.811114 0.630600 1.000000
0.832100 0.551543 0.000000
0.786525 0.466168 0.000000
0.740949 0.380794 0.000000
0.695373 0.295419 0.000000
0.622736 0.261961 2.000000
0.571894 0.342668 2.000000
0.549972 0.436737 2.000000
0.538972 0.532842 2.000000
0.534407 0.629477 2.000000
0.535924 0.726211 2.000000
0.546389 0.822361 2.000000
0.572124 0.915349 2.000000
0.618497 1.000000 2.000000
