4
1
30
0.221719 0.072398 1.000000
0.146162 0.142609 1.000000
0.076661 0.218233 1.000000
0.032310 0.311342 1.000000
0.006619 0.411235 1.000000
0.006366 0.514191 1.000000
0.057690 0.598657 1.000000
0.153596 0.635173 1.000000
0.256295 0.645136 1.000000
0.359533 0.643050 1.000000
0.462420 0.633785 1.000000
0.564976 0.621159 1.000000
0.667657 0.609761 1.000000
0.758648 0.590132 0.000000
0.743244 0.487955 0.000000
0.727841 0.385777 0.000000
0.712437 0.283600 0.000000
0.697033 0.181423 0.000000
0.681630 0.079246 0.000000
0.650848 0.013530 2.000000
0.581673 0.089289 2.000000
0.530782 0.179080 2.000000
0.505359 0.278714 2.000000
0.497536 0.381610 2.000000
0.498590 0.484907 2.000000
0.504119 0.588080 2.000000
0.513089 0.691014 2.000000
0.523767 0.793792 2.000000
0.532577 0.896733 2.000000
0.535445 1.000000 2.000000
