4
1
30
0.101617 0.083141 1.000000
0.028052 0.142360 1.000000
0.012073 0.243015 1.000000
0.004619 0.344943 1.000000
0.005872 0.447140 1.000000
0.015719 0.548791 1.000000
0.041737 0.646356 1.000000
0.129721 0.677082 1.000000
0.224682 0.639501 1.000000
0.317250 0.596186 1.000000
0.408830 0.550782 1.000000
0.501251 0.507126 1.000000
0.594959 0.466318 1.000000
0.690638 0.430460 1.000000
0.790006 0.407381 1.000000
0.820535 0.346658 0.000000
0.802249 0.246089 0.000000
0.783964 0.145520 0.000000
0.765679 0.044951 0.000000
0.710638 0.030191 2.000000
0.658329 0.117346 2.000000
0.617417 0.210994 2.000000
0.581723 0.306766 2.000000
0.548872 0.403560 2.000000
0.517082 0.500709 2.000000
0.488326 0.598787 2.000000
0.462226 0.697609 2.000000
0.440285 0.797416 2.000000
0.425129 0.898462 2.000000
0.413395 1.000000 2.000000
