4
1
30
0.219612 0.018386 1.000000
0.172600 0.113961 1.000000
0.126318 0.218665 1.000000
0.080140 0.323417 1.000000
0.038492 0.430045 1.000000
0.010271 0.540711 1.000000
0.062269 0.623210 1.000000
0.176373 0.630362 1.000000
0.290824 0.627970 1.000000
0.405185 0.622785 1.000000
0.519386 0.614852 1.000000
0.633338 0.603852 1.000000
0.747058 0.590684 1.000000
0.860536 0.575562 1.000000
0.965549 0.541772 1.000000
0.930745 0.434213 0.000000
0.885872 0.328890 0.000000
0.841000 0.223567 0.000000
0.796127 0.118244 0.000000
0.740746 0.021396 2.000000
0.659428 0.063689 2.000000
0.609898 0.166874 2.000000
0.576299 0.276254 2.000000
0.549908 0.387624 2.000000
0.530899 0.500479 2.000000
0.526047 0.614777 2.000000
0.526047 0.729261 2.000000
0.526372 0.843743 2.000000
0.528447 0.958151 2.000000
0.602656 0.959142 2.000000
