4
1
30
0.368707 0.046259 1.000000
0.292191 0.101344 1.000000
0.218504 0.177693 1.000000
0.148446 0.257458 1.000000
0.078218 0.337074 1.000000
0.014480 0.421846 1.000000
0.077641 0.466730 1.000000
0.183273 0.477334 1.000000
0.288897 0.488028 1.000000
0.394787 0.495525 1.000000
0.500763 0.501800 1.000000
0.606860 0.505084 1.000000
0.712964 0.502240 1.000000
0.798463 0.474476 1.000000
0.705450 0.439225 0.000000
0.633702 0.360976 0.000000
0.561953 0.282726 0.000000
0.490205 0.204477 0.000000
0.418456 0.126228 0.000000
0.346708 0.047979 0.000000
0.276606 0.045971 2.000000
0.267869 0.151669 2.000000
0.265398 0.257799 2.000000
0.264853 0.363958 2.000000
0.265199 0.470120 2.000000
0.266398 0.576273 2.000000
0.269987 0.682374 2.000000
0.275888 0.788361 2.000000
0.283476 0.894252 2.000000
0.292517 1.000000 2.000000
