4
1
30
0.000000 0.060159 1.000000
0.087149 0.051813 1.000000
0.091484 0.152465 1.000000
0.070144 0.252002 1.000000
0.047123 0.351168 1.000000
0.027517 0.451025 1.000000
0.031246 0.551504 1.000000
0.113493 0.596839 1.000000
0.214475 0.585393 1.000000
0.313249 0.561087 1.000000
0.410421 0.530742 1.000000
0.506738 0.497780 1.000000
0.602694 0.463767 1.000000
0.698250 0.428703 1.000000
0.693517 0.344550 0.000000
0.649392 0.252804 0.000000
0.605268 0.161057 0.000000
0.561143 0.069310 0.000000
0.512576 0.019692 2.000000
0.467139 0.110524 2.000000
0.439561 0.208406 2.000000
0.419297 0.308172 2.000000
0.400059 0.408143 2.000000
0.379803 0.507913 2.000000
0.363227 0.608350 2.000000
0.350370 0.709336 2.000000
0.344786 0.810946 2.000000
0.351674 0.912323 2.000000
0.409682 0.989638 2.000000
0.507378 0.976163 2.000000
