4
1
30
0.016949 0.000000 1.000000
0.007965 0.095874 1.000000
0.005482 0.193967 1.000000
0.001764 0.292071 1.000000
0.004470 0.390150 1.000000
0.022944 0.486113 1.000000
0.080818 0.563118 1.000000
0.171079 0.600469 1.000000
0.267985 0.615768 1.000000
0.365923 0.622233 1.000000
0.464093 0.622693 1.000000
0.562227 0.619642 1.000000
0.659456 0.606318 1.000000
0.752457 0.576881 1.000000
0.778397 0.500560 0.000000
0.711332 0.428847 0.000000
0.644268 0.357134 0.000000
0.577203 0.285421 0.000000
0.510138 0.213708 0.000000
0.443073 0.141996 0.000000
0.367785 0.138040 2.000000
0.332078 0.224487 2.000000
0.328186 0.322534 2.000000
0.318422 0.420199 2.000000
0.302880 0.517140 2.000000
0.285445 0.613763 2.000000
0.266393 0.710082 2.000000
0.246950 0.806323 2.000000
0.228287 0.902718 2.000000
0.216573 1.000000 2.000000
