4
1
30
0.187411 0.000000 1.000000
0.108126 0.058575 1.000000
0.062437 0.146779 1.000000
0.033074 0.242113 1.000000
0.012617 0.339722 1.000000
0.001688 0.438876 1.000000
0.033602 0.526796 1.000000
0.129782 0.549995 1.000000
0.229401 0.555845 1.000000
0.329155 0.558654 1.000000
0.428944 0.559525 1.000000
0.528737 0.560146 1.000000
0.628524 0.561345 1.000000
0.728278 0.563799 1.000000
0.782652 0.515386 0.000000
0.760604 0.418058 0.000000
0.738555 0.320729 0.000000
0.716507 0.223401 0.000000
0.694458 0.126073 0.000000
0.631292 0.126319 2.000000
0.589181 0.216618 2.000000
0.549146 0.308027 2.000000
0.509183 0.399471 2.000000
0.468591 0.490636 2.000000
0.428716 0.582116 2.000000
0.385865 0.672229 2.000000
0.339189 0.760421 2.000000
0.290022 0.847260 2.000000
0.235397 0.930706 2.000000
0.164521 1.000000 2.000000
