4
1
30
0.101887 0.000000 1.000000
0.069955 0.095797 1.000000
0.037687 0.191481 1.000000
0.005072 0.287047 1.000000
0.000000 0.387183 1.000000
0.000000 0.488162 1.000000
0.047284 0.572824 1.000000
0.141739 0.600000 1.000000
0.240422 0.586185 1.000000
0.336856 0.556490 1.000000
0.434556 0.531150 1.000000
0.524874 0.485991 1.000000
0.619412 0.452317 1.000000
0.717107 0.426940 1.000000
0.800000 0.386182 0.000000
0.800000 0.285204 0.000000
0.800000 0.184225 0.000000
0.800000 0.083246 0.000000
0.784140 0.007930 2.000000
0.693967 0.053376 2.000000
0.644104 0.133478 2.000000
0.596994 0.221782 2.000000
0.556937 0.312417 2.000000
0.536701 0.411347 2.000000
0.516465 0.510278 2.000000
0.499983 0.609211 2.000000
0.520073 0.708171 2.000000
0.542109 0.806686 2.000000
0.567343 0.904448 2.000000
0.600000 1.000000 2.000000
