4
1
30
0.099150 0.022663 1.000000
0.037524 0.096587 1.000000
0.003026 0.186056 1.000000
0.006437 0.282166 1.000000
0.032034 0.374956 1.000000
0.077538 0.459957 1.000000
0.140950 0.530536 1.000000
0.235280 0.540802 1.000000
0.331465 0.532412 1.000000
0.427166 0.519641 1.000000
0.523000 0.507881 1.000000
0.619069 0.498406 1.000000
0.715093 0.489237 1.000000
0.794682 0.462810 0.000000
0.758267 0.373379 0.000000
0.721852 0.283949 0.000000
0.685437 0.194518 0.000000
0.649023 0.105088 0.000000
0.612608 0.015657 0.000000
0.543306 0.041920 2.000000
0.522373 0.135585 2.000000
0.513447 0.231731 2.000000
0.505313 0.327946 2.000000
0.498180 0.424242 2.000000
0.490795 0.520519 2.000000
0.485335 0.616907 2.000000
0.483475 0.713431 2.000000
0.480487 0.809907 2.000000
0.473196 0.906183 2.000000
0.450425 1.000000 2.000000
