4
1
30
0.013870 0.000000 1.000000
0.004596 0.114734 1.000000
0.002042 0.229800 1.000000
0.000632 0.344940 1.000000
0.002164 0.460053 1.000000
0.012693 0.574635 1.000000
0.039707 0.686237 1.000000
0.118650 0.761998 1.000000
0.231278 0.743522 1.000000
0.339221 0.703504 1.000000
0.446305 0.661168 1.000000
0.553643 0.619474 1.000000
0.662152 0.580966 1.000000
0.772019 0.546524 1.000000
0.883458 0.517653 1.000000
0.953527 0.481084 0.000000
0.864382 0.408192 0.000000
0.775238 0.335301 0.000000
0.686094 0.262409 0.000000
0.596949 0.189518 0.000000
0.507805 0.116626 0.000000
0.457191 0.132061 2.000000
0.469505 0.246474 2.000000
0.474495 0.361512 2.000000
0.475915 0.476653 2.000000
0.475891 0.591803 2.000000
0.474428 0.706944 2.000000
0.472334 0.822076 2.000000
0.472057 0.937215 2.000000
0.538141 0.968100 2.000000
