4
1
30
0.211155 0.051793 1.000000
0.121307 0.020500 1.000000
0.077930 0.110990 1.000000
0.043746 0.206779 1.000000
0.016088 0.304702 1.000000
0.000000 0.404590 1.000000
0.010905 0.504683 1.000000
0.083540 0.560425 1.000000
0.184277 0.548455 1.000000
0.281842 0.519598 1.000000
0.379367 0.490121 1.000000
0.475777 0.457682 1.000000
0.569842 0.418614 1.000000
0.667984 0.391177 1.000000
0.767606 0.369963 1.000000
0.830893 0.347933 0.000000
0.774366 0.263143 0.000000
0.717839 0.178352 0.000000
0.661312 0.093562 0.000000
0.582736 0.061785 2.000000
0.500366 0.114507 2.000000
0.453960 0.204520 2.000000
0.421735 0.301195 2.000000
0.389510 0.397871 2.000000
0.376042 0.498779 2.000000
0.370518 0.600346 2.000000
0.370518 0.702251 2.000000
0.370518 0.804157 2.000000
0.386532 0.904753 2.000000
0.422311 1.000000 2.000000
