4
1
30
0.139269 0.105023 1.000000
0.129159 0.201013 1.000000
0.101672 0.294148 1.000000
0.071119 0.386351 1.000000
0.039368 0.478146 1.000000
0.011404 0.571115 1.000000
0.044160 0.646289 1.000000
0.139857 0.657762 1.000000
0.236486 0.649482 1.000000
0.332719 0.636306 1.000000
0.428381 0.619467 1.000000
0.523697 0.601085 1.000000
0.615643 0.570347 1.000000
0.679768 0.501050 1.000000
0.672709 0.408229 0.000000
0.636311 0.318170 0.000000
0.599914 0.228111 0.000000
0.563517 0.138051 0.000000
0.527120 0.047992 0.000000
0.466883 0.034794 2.000000
0.444565 0.129111 2.000000
0.429858 0.225126 2.000000
0.417546 0.321459 2.000000
0.407545 0.418076 2.000000
0.398750 0.514813 2.000000
0.392169 0.611707 2.000000
0.387252 0.708718 2.000000
0.383821 0.805792 2.000000
0.380887 0.902882 2.000000
0.378995 1.000000 2.000000
