4
1
30
0.550467 0.000000 1.000000
0.518581 0.104795 1.000000
0.471139 0.203577 1.000000
0.413283 0.296653 1.000000
0.347158 0.384178 1.000000
0.271577 0.463812 1.000000
0.189683 0.536809 1.000000
0.104359 0.605860 1.000000
0.020329 0.676299 1.000000
0.084801 0.723249 1.000000
0.194248 0.715688 1.000000
0.302812 0.699522 1.000000
0.410723 0.679288 1.000000
0.518659 0.659217 1.000000
0.627301 0.643615 1.000000
0.690785 0.608367 0.000000
0.643386 0.509334 0.000000
0.595987 0.410301 0.000000
0.548588 0.311268 0.000000
0.501189 0.212235 0.000000
0.453790 0.113202 0.000000
0.422436 0.129250 2.000000
0.418716 0.238945 2.000000
0.420781 0.348713 2.000000
0.425789 0.458390 2.000000
0.432140 0.567996 2.000000
0.440367 0.677472 2.000000
0.452812 0.786509 2.000000
0.469656 0.894995 2.000000
0.500935 1.000000 2.000000
