4
1
30
0.235033 0.000000 1.000000
0.156841 0.009712 1.000000
0.091303 0.052428 1.000000
0.061650 0.127098 1.000000
0.057650 0.206965 1.000000
0.057650 0.287488 1.000000
0.034794 0.364347 1.000000
0.019217 0.442373 1.000000
0.056050 0.507640 1.000000
0.133216 0.529038 1.000000
0.213627 0.529933 1.000000
0.293316 0.520036 1.000000
0.372577 0.505881 1.000000
0.451395 0.489506 1.000000
0.526120 0.459503 1.000000
0.603891 0.439776 1.000000
0.683117 0.425438 1.000000
0.762585 0.412444 1.000000
0.707010 0.354534 0.000000
0.627331 0.352550 2.000000
0.548664 0.367358 2.000000
0.478712 0.405461 2.000000
0.431072 0.469422 2.000000
0.410200 0.546392 2.000000
0.410200 0.626916 2.000000
0.410523 0.707406 2.000000
0.426777 0.786272 2.000000
0.445901 0.864477 2.000000
0.492784 0.927448 2.000000
0.527716 1.000000 2.000000
