4
0
30
0.207989 0.000000 1.000000
0.185355 0.072235 1.000000
0.147127 0.138495 1.000000
0.102921 0.200735 1.000000
0.052631 0.258360 1.000000
0.028061 0.293283 1.000000
0.099535 0.297089 1.000000
0.160378 0.343294 1.000000
0.214724 0.397132 1.000000
0.264466 0.455217 1.000000
0.316531 0.510963 1.000000
0.386484 0.509245 1.000000
0.428780 0.446479 1.000000
0.451769 0.373612 1.000000
0.468990 0.299069 1.000000
0.491134 0.225836 1.000000
0.508608 0.152070 1.000000
0.478022 0.149911 1.000000
0.456460 0.223323 1.000000
0.436970 0.297311 1.000000
0.420230 0.371972 1.000000
0.405353 0.447027 1.000000
0.392843 0.522509 1.000000
0.382537 0.598328 1.000000
0.373076 0.674260 1.000000
0.363266 0.750145 1.000000
0.354752 0.826189 1.000000
0.348327 0.902429 1.000000
0.343452 0.978773 1.000000
0.378788 0.925620 1.000000
