4
1
30
0.261513 0.044408 1.000000
0.161629 0.007934 1.000000
0.088366 0.054483 1.000000
0.063698 0.158067 1.000000
0.029460 0.258578 1.000000
0.011234 0.363469 1.000000
0.000000 0.468899 1.000000
0.004180 0.574471 1.000000
0.095098 0.610197 1.000000
0.200612 0.598195 1.000000
0.305971 0.582495 1.000000
0.409473 0.557567 1.000000
0.514534 0.540897 1.000000
0.618084 0.517119 1.000000
0.722286 0.495791 1.000000
0.827228 0.478531 0.000000
0.758010 0.397559 0.000000
0.688791 0.316586 0.000000
0.619573 0.235614 0.000000
0.542035 0.172697 2.000000
0.435509 0.172697 2.000000
0.373326 0.257765 2.000000
0.339591 0.358808 2.000000
0.308885 0.460730 2.000000
0.286522 0.564720 2.000000
0.273555 0.670454 2.000000
0.262571 0.776170 2.000000
0.280130 0.880930 2.000000
0.337097 0.966486 2.000000
0.435855 1.000000 2.000000
