4
1
30
0.257282 0.111650 1.000000
0.235432 0.138105 1.000000
0.194634 0.237478 1.000000
0.154019 0.336931 1.000000
0.109808 0.434827 1.000000
0.063051 0.531548 1.000000
0.016620 0.628400 1.000000
0.059906 0.688471 1.000000
0.167242 0.684993 1.000000
0.274382 0.677136 1.000000
0.381351 0.667202 1.000000
0.488166 0.655732 1.000000
0.594797 0.642676 1.000000
0.701112 0.627269 1.000000
0.777969 0.578779 0.000000
0.752033 0.474525 0.000000
0.726097 0.370272 0.000000
0.700161 0.266019 0.000000
0.674225 0.161766 0.000000
0.648289 0.057512 0.000000
0.616356 0.044704 2.000000
0.596815 0.150218 2.000000
0.581948 0.256615 2.000000
0.566187 0.362883 2.000000
0.550280 0.469130 2.000000
0.534792 0.575438 2.000000
0.519500 0.681776 2.000000
0.505476 0.788285 2.000000
0.496945 0.895346 2.000000
0.512621 1.000000 2.000000
