4
1
30
0.400000 0.031776 1.000000
0.350036 0.058385 1.000000
0.305380 0.147162 1.000000
0.255593 0.233168 1.000000
0.201525 0.316560 1.000000
0.143757 0.397448 1.000000
0.084940 0.477570 1.000000
0.026124 0.557697 1.000000
0.049922 0.621625 1.000000
0.149271 0.621989 1.000000
0.248594 0.618177 1.000000
0.347827 0.612485 1.000000
0.446943 0.605016 1.000000
0.545753 0.594261 1.000000
0.644116 0.580002 1.000000
0.741030 0.558469 1.000000
0.803177 0.498989 1.000000
0.751293 0.414719 0.000000
0.702663 0.328029 0.000000
0.654032 0.241339 0.000000
0.604184 0.155488 2.000000
0.553285 0.219044 2.000000
0.533174 0.316313 2.000000
0.518927 0.414678 2.000000
0.507890 0.513460 2.000000
0.498954 0.612451 2.000000
0.494050 0.711722 2.000000
0.492650 0.811103 2.000000
0.494819 0.910466 2.000000
0.524299 0.992523 2.000000
