4
1
30
0.525573 0.000000 1.000000
0.447358 0.063019 1.000000
0.368782 0.125587 1.000000
0.289485 0.187233 1.000000
0.211716 0.250768 1.000000
0.135307 0.315958 1.000000
0.061960 0.384580 1.000000
0.004913 0.464683 1.000000
0.084211 0.512803 1.000000
0.183622 0.526511 1.000000
0.283871 0.532484 1.000000
0.384219 0.536888 1.000000
0.484614 0.539982 1.000000
0.585013 0.542983 1.000000
0.685454 0.543210 1.000000
0.785898 0.543210 1.000000
0.886342 0.543210 1.000000
0.860229 0.481146 0.000000
0.798732 0.401728 0.000000
0.737234 0.322311 0.000000
0.675737 0.242894 0.000000
0.606866 0.227922 2.000000
0.569416 0.318462 2.000000
0.563667 0.418553 2.000000
0.570675 0.518721 2.000000
0.584051 0.618207 2.000000
0.602153 0.717002 2.000000
0.626169 0.814377 2.000000
0.659435 0.909091 2.000000
0.701940 1.000000 2.000000
