4
1
30
0.249211 0.167192 1.000000
0.210940 0.241266 1.000000
0.162308 0.307723 1.000000
0.121955 0.378129 1.000000
0.078895 0.446868 1.000000
0.076471 0.498423 1.000000
0.159848 0.498423 1.000000
0.243225 0.498423 1.000000
0.325948 0.493012 1.000000
0.406925 0.473150 1.000000
0.486394 0.447994 1.000000
0.565688 0.422224 1.000000
0.559546 0.356505 0.000000
0.528479 0.279131 0.000000
0.497413 0.201758 0.000000
0.466346 0.124385 0.000000
0.435280 0.047012 0.000000
0.431035 0.029263 2.000000
0.467949 0.104022 2.000000
0.502959 0.179582 2.000000
0.529653 0.258571 2.000000
0.556618 0.337467 2.000000
0.583582 0.416363 2.000000
0.583596 0.499738 2.000000
0.583596 0.583115 2.000000
0.583596 0.666492 2.000000
0.583596 0.749869 2.000000
0.583596 0.833246 2.000000
0.583596 0.916623 2.000000
0.583596 1.000000 2.000000
