4
0
30
0.148936 0.000000 1.000000
0.209580 0.030993 1.000000
0.197223 0.099481 1.000000
0.164417 0.162676 1.000000
0.122520 0.220298 1.000000
0.072197 0.270606 1.000000
0.042584 0.324293 1.000000
0.110473 0.336879 1.000000
0.181721 0.336879 1.000000
0.252161 0.342172 1.000000
0.313788 0.376436 1.000000
0.364168 0.426816 1.000000
0.412693 0.478939 1.000000
0.458490 0.533501 1.000000
0.500286 0.591145 1.000000
0.548907 0.565159 1.000000
0.561637 0.495157 1.000000
0.563350 0.423930 1.000000
0.565548 0.352716 1.000000
0.567194 0.285871 1.000000
0.564747 0.357059 1.000000
0.563830 0.428297 1.000000
0.563120 0.499539 1.000000
0.561902 0.570776 1.000000
0.560772 0.642015 1.000000
0.560284 0.713259 1.000000
0.560284 0.784507 1.000000
0.560147 0.855754 1.000000
0.559115 0.926994 1.000000
0.539007 0.900709 1.000000
