4
1
30
0.000000 0.060956 1.000000
0.052087 0.106813 1.000000
0.059995 0.208997 1.000000
0.060691 0.311637 1.000000
0.057863 0.414257 1.000000
0.057526 0.516857 1.000000
0.118774 0.573920 1.000000
0.214839 0.537872 1.000000
0.311163 0.502390 1.000000
0.408068 0.468516 1.000000
0.505199 0.435376 1.000000
0.603084 0.404451 1.000000
0.701342 0.374938 1.000000
0.797839 0.340091 1.000000
0.783717 0.268771 0.000000
0.695445 0.216359 0.000000
0.607172 0.163948 0.000000
0.518900 0.111536 0.000000
0.430627 0.059124 0.000000
0.342355 0.006712 0.000000
0.294640 0.082897 2.000000
0.288136 0.185308 2.000000
0.287022 0.287951 2.000000
0.289326 0.390584 2.000000
0.292939 0.493179 2.000000
0.299343 0.595639 2.000000
0.306958 0.698015 2.000000
0.318671 0.799991 2.000000
0.334029 0.901450 2.000000
0.362438 1.000000 2.000000
