4
1
30
0.539720 0.000000 1.000000
0.454431 0.054862 1.000000
0.376158 0.120092 1.000000
0.299461 0.187133 1.000000
0.226698 0.258374 1.000000
0.158601 0.334151 1.000000
0.092292 0.411510 1.000000
0.030261 0.492219 1.000000
0.020248 0.582427 1.000000
0.119661 0.594856 1.000000
0.221242 0.587307 1.000000
0.322370 0.574891 1.000000
0.423181 0.560120 1.000000
0.523642 0.543145 1.000000
0.623488 0.522839 1.000000
0.721884 0.497710 1.000000
0.709786 0.416432 0.000000
0.638035 0.344088 0.000000
0.566285 0.271745 0.000000
0.494534 0.199401 0.000000
0.424899 0.125159 2.000000
0.398678 0.211066 2.000000
0.404436 0.312782 2.000000
0.413494 0.414265 2.000000
0.428334 0.515063 2.000000
0.445741 0.615448 2.000000
0.465842 0.715323 2.000000
0.490813 0.814037 2.000000
0.524892 0.909949 2.000000
0.572430 1.000000 2.000000
