4
1
30
0.507021 0.011826 1.000000
0.494386 0.048095 1.000000
0.414234 0.108350 1.000000
0.334768 0.169509 1.000000
0.255857 0.231382 1.000000
0.177417 0.293853 1.000000
0.102074 0.359990 1.000000
0.032391 0.432006 1.000000
0.031622 0.511075 1.000000
0.131549 0.518289 1.000000
0.231812 0.519730 1.000000
0.332083 0.518961 1.000000
0.432345 0.517251 1.000000
0.532604 0.515387 1.000000
0.632785 0.511429 1.000000
0.726739 0.486318 1.000000
0.685529 0.400437 0.000000
0.626347 0.319488 0.000000
0.567165 0.238538 0.000000
0.507983 0.157588 0.000000
0.448574 0.105067 2.000000
0.450412 0.205297 2.000000
0.453922 0.305507 2.000000
0.458392 0.405682 2.000000
0.463479 0.505827 2.000000
0.468214 0.605991 2.000000
0.474640 0.706061 2.000000
0.482443 0.806032 2.000000
0.494181 0.905582 2.000000
0.525499 1.000000 2.000000
