4
1
30
0.223301 0.000000 1.000000
0.181120 0.088476 1.000000
0.139440 0.177203 1.000000
0.101540 0.267637 1.000000
0.065670 0.358885 1.000000
0.034038 0.451681 1.000000
0.007080 0.545650 1.000000
0.026764 0.634294 1.000000
0.121750 0.638888 1.000000
0.218308 0.621834 1.000000
0.315111 0.606287 1.000000
0.412776 0.598182 1.000000
0.510681 0.601632 1.000000
0.607644 0.616031 1.000000
0.703817 0.609116 1.000000
0.686179 0.529956 0.000000
0.636127 0.445635 0.000000
0.586075 0.361314 0.000000
0.536024 0.276992 0.000000
0.485972 0.192671 0.000000
0.439983 0.120705 2.000000
0.454299 0.217652 2.000000
0.465807 0.314936 2.000000
0.469863 0.412880 2.000000
0.469635 0.510898 2.000000
0.464548 0.608824 2.000000
0.460356 0.706746 2.000000
0.463142 0.804740 2.000000
0.470022 0.902556 2.000000
0.480583 1.000000 2.000000
