4
1
30
0.225291 0.000000 1.000000
0.179638 0.086051 1.000000
0.136737 0.173600 1.000000
0.096391 0.262354 1.000000
0.057877 0.351913 1.000000
0.026063 0.444012 1.000000
0.002438 0.538558 1.000000
0.072614 0.585789 1.000000
0.169972 0.590624 1.000000
0.267399 0.594268 1.000000
0.364796 0.598576 1.000000
0.462201 0.602713 1.000000
0.559607 0.606882 1.000000
0.657056 0.609833 1.000000
0.722444 0.586163 0.000000
0.672956 0.502161 0.000000
0.623468 0.418159 0.000000
0.573981 0.334157 0.000000
0.524493 0.250154 0.000000
0.475005 0.166152 0.000000
0.437778 0.152101 2.000000
0.424392 0.248608 2.000000
0.414958 0.345639 2.000000
0.405848 0.442707 2.000000
0.397280 0.539822 2.000000
0.389894 0.637036 2.000000
0.384018 0.734354 2.000000
0.379386 0.831738 2.000000
0.375960 0.929171 2.000000
0.393895 0.934593 2.000000
