4
1
30
0.461783 0.035032 1.000000
0.355453 0.102036 1.000000
0.256360 0.178884 1.000000
0.173650 0.273284 1.000000
0.099711 0.374845 1.000000
0.036326 0.483247 1.000000
0.009509 0.604929 1.000000
0.047130 0.714899 1.000000
0.168320 0.745960 1.000000
0.292407 0.765915 1.000000
0.416831 0.783539 1.000000
0.541849 0.796279 1.000000
0.667396 0.801209 1.000000
0.792179 0.787966 1.000000
0.908198 0.743446 1.000000
0.982550 0.646825 0.000000
0.923321 0.535975 0.000000
0.864093 0.425125 0.000000
0.804864 0.314275 0.000000
0.745635 0.203424 0.000000
0.686406 0.092574 0.000000
0.623004 0.015332 2.000000
0.563783 0.124120 2.000000
0.544632 0.247999 2.000000
0.541209 0.373631 2.000000
0.539490 0.499294 2.000000
0.542568 0.624936 2.000000
0.550000 0.750396 2.000000
0.564490 0.875238 2.000000
0.579618 1.000000 2.000000
