4
1
30
0.227033 0.000000 1.000000
0.181358 0.076373 1.000000
0.149002 0.161198 1.000000
0.119080 0.246929 1.000000
0.089803 0.332886 1.000000
0.060439 0.418811 1.000000
0.032587 0.505239 1.000000
0.007548 0.592498 1.000000
0.043836 0.645206 1.000000
0.134597 0.643083 1.000000
0.225404 0.643083 1.000000
0.316200 0.641937 1.000000
0.406969 0.639336 1.000000
0.497662 0.634980 1.000000
0.588168 0.627632 1.000000
0.628534 0.586497 0.000000
0.596309 0.501601 0.000000
0.564084 0.416704 0.000000
0.531859 0.331808 0.000000
0.499634 0.246912 0.000000
0.475160 0.232800 2.000000
0.460457 0.322404 2.000000
0.443290 0.411565 2.000000
0.420758 0.499499 2.000000
0.394256 0.586349 2.000000
0.367322 0.673068 2.000000
0.340298 0.759759 2.000000
0.316437 0.847348 2.000000
0.295812 0.935778 2.000000
0.297782 0.956705 2.000000
