4
1
30
0.338078 0.000000 1.000000
0.275170 0.078253 1.000000
0.217982 0.160748 1.000000
0.163957 0.245395 1.000000
0.113416 0.332100 1.000000
0.070246 0.422728 1.000000
0.030824 0.515081 1.000000
0.005907 0.611176 1.000000
0.071966 0.679089 1.000000
0.171619 0.681591 1.000000
0.271623 0.672478 1.000000
0.371565 0.662743 1.000000
0.471774 0.656474 1.000000
0.572167 0.655193 1.000000
0.672483 0.659263 1.000000
0.771880 0.673288 1.000000
0.870593 0.691686 1.000000
0.966906 0.694924 0.000000
0.928630 0.602085 0.000000
0.890355 0.509247 0.000000
0.852079 0.416408 0.000000
0.813804 0.323570 0.000000
0.766586 0.348387 2.000000
0.721499 0.438007 2.000000
0.680970 0.529872 2.000000
0.644567 0.623451 2.000000
0.609667 0.717606 2.000000
0.574098 0.811505 2.000000
0.542106 0.906671 2.000000
0.505338 1.000000 2.000000
