4
1
30
0.439542 0.000000 1.000000
0.368156 0.067157 1.000000
0.298437 0.136041 1.000000
0.230368 0.206561 1.000000
0.164183 0.278826 1.000000
0.102559 0.354998 1.000000
0.050003 0.437620 1.000000
0.010814 0.527120 1.000000
0.015433 0.622455 1.000000
0.089954 0.682021 1.000000
0.184698 0.705963 1.000000
0.282137 0.716019 1.000000
0.380095 0.718877 1.000000
0.478049 0.715855 1.000000
0.566068 0.686682 1.000000
0.530909 0.595960 0.000000
0.489217 0.507256 0.000000
0.447524 0.418552 0.000000
0.405832 0.329848 0.000000
0.364139 0.241145 0.000000
0.331133 0.208814 2.000000
0.334028 0.306722 2.000000
0.342460 0.404366 2.000000
0.352971 0.501805 2.000000
0.364955 0.599082 2.000000
0.377773 0.696254 2.000000
0.393937 0.792920 2.000000
0.413931 0.888838 2.000000
0.443912 0.981914 2.000000
0.496732 0.925654 2.000000
