4
1
30
0.341979 0.005764 1.000000
0.258664 0.062782 1.000000
0.200177 0.150870 1.000000
0.150523 0.244348 1.000000
0.106189 0.340471 1.000000
0.067087 0.438850 1.000000
0.033040 0.539088 1.000000
0.006881 0.641522 1.000000
0.025311 0.737267 1.000000
0.128159 0.752213 1.000000
0.232967 0.737631 1.000000
0.337370 0.720021 1.000000
0.442452 0.707383 1.000000
0.548217 0.703334 1.000000
0.572496 0.616754 1.000000
0.548599 0.513617 0.000000
0.523545 0.410744 0.000000
0.498492 0.307870 0.000000
0.473439 0.204997 0.000000
0.444465 0.103376 2.000000
0.402111 0.086888 2.000000
0.404832 0.192597 2.000000
0.414302 0.298053 2.000000
0.423402 0.403541 2.000000
0.432621 0.509019 2.000000
0.442814 0.614406 2.000000
0.453166 0.719779 2.000000
0.466477 0.824813 2.000000
0.488088 0.928219 2.000000
0.557157 1.000000 2.000000
