4
1
30
0.309798 0.018012 1.000000
0.256168 0.088628 1.000000
0.196935 0.154798 1.000000
0.139305 0.222348 1.000000
0.085832 0.293244 1.000000
0.037662 0.367800 1.000000
0.001970 0.448777 1.000000
0.076694 0.474544 1.000000
0.165499 0.473882 1.000000
0.254306 0.473352 1.000000
0.343100 0.471866 1.000000
0.431874 0.469380 1.000000
0.502973 0.441996 1.000000
0.470224 0.359604 0.000000
0.435620 0.277814 0.000000
0.401017 0.196024 0.000000
0.366414 0.114235 0.000000
0.333131 0.031914 2.000000
0.324896 0.068753 2.000000
0.336956 0.156738 2.000000
0.348091 0.244843 2.000000
0.357850 0.333112 2.000000
0.365956 0.421547 2.000000
0.371539 0.510169 2.000000
0.373350 0.598933 2.000000
0.370955 0.687686 2.000000
0.362514 0.776034 2.000000
0.345055 0.863017 2.000000
0.310013 0.944160 2.000000
0.244236 1.000000 2.000000
