4
0
30
0.192982 0.000000 1.000000
0.144530 0.041692 1.000000
0.097140 0.084588 1.000000
0.056333 0.133697 1.000000
0.022884 0.187906 1.000000
0.007594 0.249772 1.000000
0.011402 0.312863 1.000000
0.042853 0.368373 1.000000
0.083994 0.417096 1.000000
0.137083 0.451951 1.000000
0.197956 0.470468 1.000000
0.261159 0.479830 1.000000
0.324793 0.485678 1.000000
0.388093 0.484853 1.000000
0.443175 0.453888 1.000000
0.478187 0.401929 1.000000
0.490640 0.339538 1.000000
0.499338 0.276213 1.000000
0.505263 0.294847 1.000000
0.504299 0.358752 1.000000
0.502258 0.422640 1.000000
0.500312 0.486531 1.000000
0.497824 0.550404 1.000000
0.496024 0.614298 1.000000
0.494396 0.678198 1.000000
0.492031 0.742075 1.000000
0.489393 0.805942 1.000000
0.485809 0.869755 1.000000
0.480527 0.933455 1.000000
0.456140 0.950877 1.000000
