4
1
30
0.616000 0.000000 1.000000
0.521054 0.065773 1.000000
0.426034 0.131437 1.000000
0.330524 0.196387 1.000000
0.236656 0.263659 1.000000
0.148284 0.337910 1.000000
0.071221 0.423737 1.000000
0.016016 0.523722 1.000000
0.035183 0.631287 1.000000
0.141486 0.663920 1.000000
0.256814 0.661060 1.000000
0.371819 0.650445 1.000000
0.486552 0.637149 1.000000
0.601111 0.622482 1.000000
0.715120 0.604129 1.000000
0.766343 0.531308 0.000000
0.693831 0.441403 0.000000
0.621319 0.351497 0.000000
0.548807 0.261592 0.000000
0.475954 0.171974 2.000000
0.394667 0.100940 2.000000
0.416802 0.213741 2.000000
0.446161 0.325434 2.000000
0.473030 0.437767 2.000000
0.497670 0.550593 2.000000
0.519729 0.663965 2.000000
0.539646 0.777738 2.000000
0.547333 0.892906 2.000000
0.505274 0.986116 2.000000
0.430000 0.902000 2.000000
