4
1
30
0.275437 0.070642 1.000000
0.244816 0.176290 1.000000
0.198551 0.277671 1.000000
0.148573 0.377308 1.000000
0.097960 0.476627 1.000000
0.047880 0.576213 1.000000
0.005537 0.679001 1.000000
0.085947 0.720209 1.000000
0.197414 0.719345 1.000000
0.308885 0.718990 1.000000
0.420356 0.718649 1.000000
0.531826 0.718248 1.000000
0.643070 0.713686 1.000000
0.652071 0.623877 0.000000
0.603623 0.523485 0.000000
0.555175 0.423092 0.000000
0.506727 0.322700 0.000000
0.458279 0.222308 0.000000
0.409831 0.121916 0.000000
0.361383 0.021523 0.000000
0.288419 0.056874 2.000000
0.281168 0.167086 2.000000
0.301070 0.276536 2.000000
0.329231 0.384352 2.000000
0.361829 0.490923 2.000000
0.397708 0.596450 2.000000
0.434009 0.701836 2.000000
0.465021 0.808860 2.000000
0.480782 0.918901 2.000000
0.441348 0.970836 2.000000
