4
1
30
0.658038 0.000000 1.000000
0.557538 0.074585 1.000000
0.459580 0.152467 1.000000
0.363458 0.232625 1.000000
0.269305 0.315067 1.000000
0.181870 0.404517 1.000000
0.104753 0.502986 1.000000
0.035271 0.607053 1.000000
0.041057 0.702489 1.000000
0.165866 0.702760 1.000000
0.290835 0.695865 1.000000
0.415842 0.689725 1.000000
0.540893 0.684524 1.000000
0.665981 0.680494 1.000000
0.791103 0.677802 1.000000
0.912566 0.659275 1.000000
0.892788 0.541192 0.000000
0.858336 0.420868 0.000000
0.823885 0.300544 0.000000
0.789433 0.180219 0.000000
0.754981 0.059895 0.000000
0.714271 0.071417 2.000000
0.705100 0.195821 2.000000
0.708833 0.320902 2.000000
0.718053 0.445702 2.000000
0.730638 0.570223 2.000000
0.744855 0.694572 2.000000
0.756727 0.819158 2.000000
0.762859 0.944137 2.000000
0.692098 0.922343 2.000000
