4
1
30
0.365889 0.000000 1.000000
0.278762 0.041416 1.000000
0.201287 0.099743 1.000000
0.127838 0.163085 1.000000
0.059610 0.231888 1.000000
0.009915 0.313934 1.000000
0.069480 0.376049 1.000000
0.164638 0.394570 1.000000
0.260560 0.409211 1.000000
0.356349 0.424674 1.000000
0.451808 0.441994 1.000000
0.546708 0.462230 1.000000
0.640929 0.485393 1.000000
0.735209 0.508338 1.000000
0.830075 0.528672 1.000000
0.796028 0.455034 0.000000
0.747522 0.370995 0.000000
0.699016 0.286955 0.000000
0.650510 0.202916 0.000000
0.602004 0.118876 0.000000
0.549610 0.154932 2.000000
0.510352 0.243496 2.000000
0.480297 0.335758 2.000000
0.453628 0.429042 2.000000
0.427977 0.522618 2.000000
0.405009 0.616894 2.000000
0.383902 0.711561 2.000000
0.366893 0.807093 2.000000
0.355148 0.903314 2.000000
0.346939 1.000000 2.000000
