4
1
30
0.414953 0.000000 1.000000
0.463184 0.067740 1.000000
0.426483 0.159862 1.000000
0.366742 0.240190 1.000000
0.296574 0.311672 1.000000
0.219324 0.375831 1.000000
0.135420 0.431150 1.000000
0.046261 0.477434 1.000000
0.080068 0.512185 1.000000
0.180082 0.522032 1.000000
0.280035 0.532445 1.000000
0.379743 0.544955 1.000000
0.479153 0.559664 1.000000
0.578303 0.576070 1.000000
0.677400 0.592795 1.000000
0.725131 0.553813 0.000000
0.714999 0.453826 0.000000
0.704866 0.353840 0.000000
0.694734 0.253854 0.000000
0.684601 0.153867 0.000000
0.672945 0.155781 2.000000
0.634292 0.248538 2.000000
0.593210 0.340256 2.000000
0.549410 0.430703 2.000000
0.506434 0.521539 2.000000
0.464896 0.613051 2.000000
0.425363 0.705447 2.000000
0.394266 0.800858 2.000000
0.377494 0.899654 2.000000
0.377570 1.000000 2.000000
