4
1
30
0.458874 0.034632 1.000000
0.408962 0.124227 1.000000
0.329865 0.199671 1.000000
0.247398 0.271309 1.000000
0.158340 0.334748 1.000000
0.066588 0.394134 1.000000
0.068338 0.448257 1.000000
0.176297 0.465449 1.000000
0.285198 0.475255 1.000000
0.394064 0.485444 1.000000
0.502914 0.495809 1.000000
0.611777 0.506029 1.000000
0.720505 0.517495 1.000000
0.829076 0.530401 1.000000
0.938123 0.536797 1.000000
0.908228 0.442458 0.000000
0.867690 0.340909 0.000000
0.827152 0.239359 0.000000
0.786614 0.137809 0.000000
0.746076 0.036260 0.000000
0.713732 0.067991 2.000000
0.685869 0.173723 2.000000
0.657673 0.279367 2.000000
0.628986 0.384878 2.000000
0.597170 0.489482 2.000000
0.564292 0.593747 2.000000
0.526375 0.696304 2.000000
0.487917 0.798646 2.000000
0.445257 0.899323 2.000000
0.402597 1.000000 2.000000
