4
1
30
0.714697 0.050432 1.000000
0.686668 0.167412 1.000000
0.589802 0.259582 1.000000
0.485336 0.343411 1.000000
0.378320 0.424013 1.000000
0.269375 0.502019 1.000000
0.161378 0.581330 1.000000
0.057254 0.665534 1.000000
0.050902 0.755397 1.000000
0.184248 0.749239 1.000000
0.316932 0.730558 1.000000
0.450045 0.715230 1.000000
0.583458 0.702824 1.000000
0.717295 0.697048 1.000000
0.850795 0.704817 1.000000
0.980671 0.736943 1.000000
0.991409 0.659357 0.000000
0.952455 0.531152 0.000000
0.913500 0.402947 0.000000
0.874546 0.274742 0.000000
0.835591 0.146538 0.000000
0.796637 0.018333 0.000000
0.767539 0.112392 2.000000
0.734939 0.242281 2.000000
0.695972 0.370464 2.000000
0.651775 0.496958 2.000000
0.605915 0.622847 2.000000
0.558716 0.748252 2.000000
0.512650 0.874075 2.000000
0.466859 1.000000 2.000000
