4
1
30
0.260123 0.000000 1.000000
0.192583 0.072703 1.000000
0.142963 0.159949 1.000000
0.096001 0.248677 1.000000
0.051637 0.338723 1.000000
0.015141 0.432135 1.000000
0.007942 0.530622 1.000000
0.082806 0.590848 1.000000
0.182151 0.602845 1.000000
0.282327 0.598286 1.000000
0.381627 0.583977 1.000000
0.479655 0.562422 1.000000
0.575119 0.531639 1.000000
0.666027 0.489280 1.000000
0.745125 0.427833 1.000000
0.799492 0.344119 1.000000
0.791088 0.260274 0.000000
0.714762 0.195059 0.000000
0.638436 0.129844 0.000000
0.566264 0.177910 2.000000
0.499783 0.253072 2.000000
0.437381 0.331702 2.000000
0.377889 0.412559 2.000000
0.321873 0.495850 2.000000
0.270258 0.581942 2.000000
0.223138 0.670544 2.000000
0.181192 0.761731 2.000000
0.146381 0.855834 2.000000
0.124335 0.953487 2.000000
0.187730 0.971779 2.000000
