4
1
30
0.364469 0.000000 1.000000
0.325049 0.099684 1.000000
0.274997 0.194411 1.000000
0.217410 0.284893 1.000000
0.156832 0.373391 1.000000
0.092246 0.459019 1.000000
0.027945 0.544786 1.000000
0.006886 0.646091 1.000000
0.101274 0.663739 1.000000
0.205086 0.636979 1.000000
0.310250 0.616001 1.000000
0.416545 0.601780 1.000000
0.523571 0.594655 1.000000
0.630748 0.590656 1.000000
0.737995 0.589744 1.000000
0.803261 0.577061 0.000000
0.713929 0.517689 0.000000
0.624597 0.458318 0.000000
0.535265 0.398946 0.000000
0.445933 0.339575 0.000000
0.356601 0.280203 0.000000
0.267269 0.220832 0.000000
0.236375 0.252420 2.000000
0.250641 0.358678 2.000000
0.261170 0.465345 2.000000
0.269582 0.572270 2.000000
0.276968 0.679278 2.000000
0.284748 0.786257 2.000000
0.292811 0.893173 2.000000
0.302198 1.000000 2.000000
