4
1
30
0.285491 0.000000 1.000000
0.253773 0.083109 1.000000
0.217717 0.164825 1.000000
0.179985 0.245781 1.000000
0.141184 0.326224 1.000000
0.098636 0.404744 1.000000
0.054027 0.482118 1.000000
0.011943 0.560888 1.000000
0.063908 0.588050 1.000000
0.152930 0.580887 1.000000
0.241823 0.572189 1.000000
0.330733 0.563665 1.000000
0.419675 0.555470 1.000000
0.508616 0.547283 1.000000
0.597643 0.540260 1.000000
0.606456 0.493952 0.000000
0.545763 0.428422 0.000000
0.485071 0.362891 0.000000
0.424379 0.297361 0.000000
0.363686 0.231831 0.000000
0.313521 0.197194 2.000000
0.307820 0.286305 2.000000
0.302604 0.375470 2.000000
0.297005 0.464613 2.000000
0.291742 0.553776 2.000000
0.286629 0.642948 2.000000
0.281806 0.732135 2.000000
0.278134 0.821376 2.000000
0.276911 0.910682 2.000000
0.276911 1.000000 2.000000
