4
1
30
0.526205 0.000000 1.000000
0.428825 0.079320 1.000000
0.340331 0.169614 1.000000
0.250934 0.259019 1.000000
0.162393 0.349278 1.000000
0.077235 0.442748 1.000000
0.005432 0.545968 1.000000
0.110823 0.587002 1.000000
0.237272 0.587002 1.000000
0.363694 0.585175 1.000000
0.490039 0.580143 1.000000
0.616308 0.573412 1.000000
0.742556 0.566307 1.000000
0.868640 0.556777 1.000000
0.994429 0.543948 1.000000
1.120124 0.530426 1.000000
1.245558 0.514893 1.000000
1.199929 0.462301 0.000000
1.092651 0.395363 0.000000
0.985373 0.328425 0.000000
0.878095 0.261488 0.000000
0.770914 0.194424 2.000000
0.673320 0.137674 2.000000
0.630581 0.255455 2.000000
0.600352 0.378232 2.000000
0.573535 0.501798 2.000000
0.549017 0.625844 2.000000
0.524405 0.749872 2.000000
0.502456 0.874375 2.000000
0.488470 1.000000 2.000000
