4
1
30
0.346240 0.018615 1.000000
0.319149 0.091515 1.000000
0.277060 0.187221 1.000000
0.227939 0.279494 1.000000
0.173481 0.368722 1.000000
0.114142 0.454778 1.000000
0.046498 0.534443 1.000000
0.037393 0.594937 1.000000
0.141898 0.592627 1.000000
0.246240 0.585948 1.000000
0.350588 0.579345 1.000000
0.454932 0.572663 1.000000
0.559324 0.566779 1.000000
0.663790 0.562431 1.000000
0.768288 0.559084 1.000000
0.742574 0.498142 0.000000
0.674928 0.418416 0.000000
0.607281 0.338690 0.000000
0.539635 0.258964 0.000000
0.471988 0.179237 0.000000
0.406587 0.097854 2.000000
0.364531 0.168298 2.000000
0.347039 0.271379 2.000000
0.331898 0.374830 2.000000
0.318821 0.478559 2.000000
0.308527 0.582604 2.000000
0.300909 0.686877 2.000000
0.296614 0.791339 2.000000
0.296745 0.895874 2.000000
0.306031 1.000000 2.000000
