4
1
30
0.408678 0.004036 1.000000
0.337210 0.071448 1.000000
0.279441 0.153983 1.000000
0.223514 0.237779 1.000000
0.167704 0.321651 1.000000
0.110112 0.404312 1.000000
0.053211 0.487450 1.000000
0.003347 0.574344 1.000000
0.097717 0.586517 1.000000
0.198152 0.578715 1.000000
0.298457 0.569294 1.000000
0.398785 0.560126 1.000000
0.499100 0.550818 1.000000
0.599478 0.542333 1.000000
0.699977 0.535364 1.000000
0.800264 0.525980 1.000000
0.750669 0.445149 0.000000
0.694895 0.361249 0.000000
0.639121 0.277350 0.000000
0.583347 0.193450 0.000000
0.512181 0.126634 2.000000
0.464654 0.208887 2.000000
0.436287 0.305528 2.000000
0.412273 0.403369 2.000000
0.391982 0.502043 2.000000
0.374818 0.601299 2.000000
0.361656 0.701176 2.000000
0.353477 0.801556 2.000000
0.354399 0.902271 2.000000
0.376387 0.992936 2.000000
