4
1
30
0.552809 0.000000 1.000000
0.446022 0.003209 1.000000
0.345106 0.034966 1.000000
0.256369 0.094282 1.000000
0.175326 0.164028 1.000000
0.097720 0.237607 1.000000
0.031238 0.321040 1.000000
0.029824 0.413003 1.000000
0.132916 0.435955 1.000000
0.239881 0.435955 1.000000
0.346819 0.434484 1.000000
0.453718 0.430719 1.000000
0.560420 0.423442 1.000000
0.667269 0.418493 1.000000
0.774168 0.415730 1.000000
0.880606 0.406999 1.000000
0.859619 0.367381 0.000000
0.765831 0.315949 0.000000
0.672043 0.264516 0.000000
0.578255 0.213084 0.000000
0.484467 0.161652 0.000000
0.392283 0.150720 2.000000
0.372125 0.255639 2.000000
0.356848 0.361471 2.000000
0.345160 0.467776 2.000000
0.332324 0.573942 2.000000
0.323491 0.680539 2.000000
0.317041 0.787303 2.000000
0.309363 0.893958 2.000000
0.319101 1.000000 2.000000
