4
1
30
0.192810 0.000000 1.000000
0.196800 0.081506 1.000000
0.182725 0.162481 1.000000
0.159659 0.241466 1.000000
0.134477 0.319780 1.000000
0.107859 0.397639 1.000000
0.080380 0.475198 1.000000
0.046811 0.550169 1.000000
0.036030 0.626734 1.000000
0.112810 0.643098 1.000000
0.194995 0.639083 1.000000
0.277226 0.636146 1.000000
0.359466 0.633492 1.000000
0.441712 0.631000 1.000000
0.489033 0.568408 0.000000
0.531918 0.498184 0.000000
0.574803 0.427960 0.000000
0.617688 0.357735 0.000000
0.660573 0.287511 0.000000
0.703458 0.217287 0.000000
0.697170 0.265895 2.000000
0.677894 0.345889 2.000000
0.661837 0.426531 2.000000
0.648627 0.507747 2.000000
0.637124 0.589181 2.000000
0.629528 0.671113 2.000000
0.624183 0.753149 2.000000
0.624183 0.835433 2.000000
0.624183 0.917716 2.000000
0.624183 1.000000 2.000000
