4
1
30
0.186567 0.000000 1.000000
0.144216 0.066453 1.000000
0.106583 0.135716 1.000000
0.071651 0.206391 1.000000
0.043866 0.280137 1.000000
0.021391 0.355633 1.000000
0.006695 0.432930 1.000000
0.002985 0.511515 1.000000
0.031331 0.581776 1.000000
0.103911 0.606869 1.000000
0.182616 0.607512 1.000000
0.261193 0.601482 1.000000
0.339656 0.593864 1.000000
0.418253 0.587730 1.000000
0.497070 0.586116 1.000000
0.575866 0.587459 1.000000
0.620337 0.568993 0.000000
0.583128 0.499490 0.000000
0.545919 0.429987 0.000000
0.508711 0.360484 0.000000
0.472373 0.297404 2.000000
0.455016 0.374306 2.000000
0.438310 0.451340 2.000000
0.424550 0.528966 2.000000
0.412193 0.606792 2.000000
0.403740 0.685175 2.000000
0.396719 0.763670 2.000000
0.392710 0.842405 2.000000
0.392146 0.921186 2.000000
0.394030 1.000000 2.000000
