4
1
30
0.210818 0.000000 1.000000
0.191627 0.073050 1.000000
0.166091 0.144117 1.000000
0.138456 0.214439 1.000000
0.110808 0.284757 1.000000
0.084903 0.355714 1.000000
0.060357 0.427172 1.000000
0.035280 0.498447 1.000000
0.012706 0.570504 1.000000
0.021158 0.636169 1.000000
0.096456 0.637697 1.000000
0.171982 0.635691 1.000000
0.247520 0.636468 1.000000
0.322951 0.640760 1.000000
0.380454 0.622934 0.000000
0.395875 0.548966 0.000000
0.411296 0.474999 0.000000
0.426717 0.401031 0.000000
0.442137 0.327063 0.000000
0.457558 0.253096 0.000000
0.452996 0.327154 2.000000
0.448044 0.402548 2.000000
0.441809 0.477848 2.000000
0.435455 0.553138 2.000000
0.428660 0.628390 2.000000
0.422171 0.703668 2.000000
0.416193 0.778989 2.000000
0.415164 0.854506 2.000000
0.423911 0.929267 2.000000
0.449376 1.000000 2.000000
