4
1
30
0.614148 0.000000 1.000000
0.541643 0.082389 1.000000
0.469317 0.164935 1.000000
0.397945 0.248304 1.000000
0.326866 0.331926 1.000000
0.257752 0.417178 1.000000
0.189501 0.503082 1.000000
0.126955 0.593265 1.000000
0.068811 0.686267 1.000000
0.019914 0.784239 1.000000
0.040703 0.876335 1.000000
0.148358 0.893801 1.000000
0.257763 0.890338 1.000000
0.366908 0.878839 1.000000
0.475684 0.864254 1.000000
0.584421 0.849389 1.000000
0.693033 0.833632 1.000000
0.773139 0.787250 0.000000
0.796628 0.680044 0.000000
0.820117 0.572838 0.000000
0.843606 0.465632 0.000000
0.867095 0.358426 0.000000
0.890584 0.251220 0.000000
0.870147 0.358183 2.000000
0.856228 0.466929 2.000000
0.851586 0.576216 2.000000
0.861254 0.685538 2.000000
0.883941 0.792762 2.000000
0.915386 0.897643 2.000000
0.954984 1.000000 2.000000
