4
1
30
0.147152 0.000000 1.000000
0.112446 0.072519 1.000000
0.087938 0.149074 1.000000
0.071585 0.227703 1.000000
0.057283 0.306815 1.000000
0.043552 0.386030 1.000000
0.031157 0.465465 1.000000
0.018574 0.544869 1.000000
0.009130 0.624607 1.000000
0.014407 0.703953 1.000000
0.075635 0.749492 1.000000
0.155266 0.758966 1.000000
0.235631 0.757779 1.000000
0.315883 0.753028 1.000000
0.380435 0.729280 0.000000
0.396304 0.650466 0.000000
0.412173 0.571651 0.000000
0.428042 0.492837 0.000000
0.443910 0.414022 0.000000
0.459779 0.335208 0.000000
0.467517 0.297429 2.000000
0.452136 0.376340 2.000000
0.434731 0.454817 2.000000
0.416385 0.533092 2.000000
0.398296 0.611427 2.000000
0.379793 0.689660 2.000000
0.359663 0.767495 2.000000
0.345098 0.846444 2.000000
0.340552 0.926324 2.000000
0.367089 1.000000 2.000000
