4
1
30
0.434343 0.000000 1.000000
0.341362 0.065697 1.000000
0.269849 0.154750 1.000000
0.206893 0.249924 1.000000
0.148042 0.347665 1.000000
0.098240 0.450448 1.000000
0.052572 0.555072 1.000000
0.019380 0.663368 1.000000
0.026184 0.774868 1.000000
0.093432 0.864017 1.000000
0.195922 0.910738 1.000000
0.309699 0.918984 1.000000
0.423905 0.919192 1.000000
0.538118 0.919192 1.000000
0.652330 0.919192 1.000000
0.703122 0.829717 0.000000
0.740948 0.721950 0.000000
0.778773 0.614183 0.000000
0.816599 0.506416 0.000000
0.854424 0.398649 0.000000
0.892250 0.290882 0.000000
0.930075 0.183115 0.000000
0.900027 0.233112 2.000000
0.847886 0.334723 2.000000
0.802663 0.439601 2.000000
0.764113 0.546479 2.000000
0.744208 0.658944 2.000000
0.731484 0.772273 2.000000
0.727540 0.886212 2.000000
0.737374 1.000000 2.000000
