4
1
30
0.609244 0.000000 1.000000
0.509151 0.014874 1.000000
0.425296 0.072396 1.000000
0.357535 0.148984 1.000000
0.294619 0.229935 1.000000
0.231011 0.310355 1.000000
0.165540 0.389082 1.000000
0.093036 0.461586 1.000000
0.027763 0.540034 1.000000
0.059979 0.611345 1.000000
0.162515 0.611345 1.000000
0.265050 0.611345 1.000000
0.367585 0.611345 1.000000
0.470120 0.611345 1.000000
0.572656 0.611345 1.000000
0.674517 0.603352 1.000000
0.775375 0.584955 1.000000
0.874363 0.558973 1.000000
0.937820 0.496362 0.000000
0.852506 0.439486 0.000000
0.767191 0.382609 0.000000
0.681877 0.325733 0.000000
0.609244 0.292552 2.000000
0.609244 0.395087 2.000000
0.609244 0.497623 2.000000
0.609244 0.600158 2.000000
0.609244 0.702693 2.000000
0.609244 0.805229 2.000000
0.623493 0.906374 2.000000
0.663866 1.000000 2.000000
