4
1
30
0.332188 0.000000 1.000000
0.319503 0.086574 1.000000
0.298415 0.171902 1.000000
0.276412 0.257084 1.000000
0.246689 0.339798 1.000000
0.208578 0.419042 1.000000
0.169229 0.497739 1.000000
0.120860 0.571032 1.000000
0.071903 0.644132 1.000000
0.017319 0.711830 1.000000
0.041814 0.780745 1.000000
0.128776 0.786838 1.000000
0.215640 0.772861 1.000000
0.301176 0.753150 1.000000
0.387722 0.738483 1.000000
0.474836 0.726231 1.000000
0.562823 0.726231 1.000000
0.635359 0.695855 0.000000
0.587973 0.621719 0.000000
0.540587 0.547582 0.000000
0.493200 0.473445 0.000000
0.445814 0.399309 0.000000
0.392898 0.393782 2.000000
0.392898 0.481769 2.000000
0.404524 0.568957 2.000000
0.415001 0.656317 2.000000
0.424863 0.743747 2.000000
0.436388 0.830973 2.000000
0.455911 0.916415 2.000000
0.483391 1.000000 2.000000
