4
1
30
0.191860 0.000000 1.000000
0.178111 0.107641 1.000000
0.150880 0.213244 1.000000
0.119456 0.317894 1.000000
0.078699 0.419198 1.000000
0.031755 0.517826 1.000000
0.020130 0.620905 1.000000
0.119978 0.652616 1.000000
0.229267 0.652616 1.000000
0.338556 0.652616 1.000000
0.447565 0.648054 1.000000
0.556041 0.634751 1.000000
0.663718 0.616795 1.000000
0.771039 0.596720 1.000000
0.878056 0.576128 1.000000
0.984339 0.551087 1.000000
0.994809 0.509285 0.000000
0.902822 0.450274 0.000000
0.810834 0.391263 0.000000
0.718847 0.332253 0.000000
0.626859 0.273242 0.000000
0.534872 0.214231 0.000000
0.452816 0.237720 2.000000
0.434817 0.344873 2.000000
0.423698 0.453595 2.000000
0.422965 0.562846 2.000000
0.422965 0.672134 2.000000
0.422965 0.781423 2.000000
0.422965 0.890711 2.000000
0.422965 1.000000 2.000000
