4
1
30
0.180233 0.000000 1.000000
0.141046 0.071498 1.000000
0.106688 0.146121 1.000000
0.072049 0.220676 1.000000
0.047430 0.299217 1.000000
0.026431 0.378830 1.000000
0.017442 0.459914 1.000000
0.034463 0.538241 1.000000
0.098936 0.583294 1.000000
0.180715 0.589147 1.000000
0.263061 0.589147 1.000000
0.344571 0.578912 1.000000
0.424318 0.559391 1.000000
0.505135 0.544258 1.000000
0.586345 0.530628 1.000000
0.666661 0.512598 1.000000
0.649674 0.474047 0.000000
0.588886 0.418499 0.000000
0.528097 0.362951 0.000000
0.467309 0.307403 0.000000
0.410853 0.261683 2.000000
0.410853 0.344029 2.000000
0.403424 0.425903 2.000000
0.395446 0.507857 2.000000
0.388685 0.589923 2.000000
0.384690 0.672112 2.000000
0.384690 0.754458 2.000000
0.391132 0.836531 2.000000
0.399657 0.918427 2.000000
0.410853 1.000000 2.000000
