4
1
30
0.281081 0.000000 1.000000
0.245539 0.088335 1.000000
0.187372 0.163979 1.000000
0.119857 0.231978 1.000000
0.056421 0.303346 1.000000
0.012583 0.387662 1.000000
0.022883 0.476440 1.000000
0.084135 0.543351 1.000000
0.146512 0.609440 1.000000
0.235119 0.640541 1.000000
0.330943 0.640541 1.000000
0.426768 0.640541 1.000000
0.521657 0.630951 1.000000
0.615434 0.611343 1.000000
0.708722 0.589523 1.000000
0.802766 0.571138 1.000000
0.895878 0.548521 1.000000
0.988944 0.525693 1.000000
1.060504 0.496108 0.000000
0.971488 0.460635 0.000000
0.882471 0.425163 0.000000
0.793454 0.389690 0.000000
0.704674 0.359825 2.000000
0.641807 0.425347 2.000000
0.640541 0.520878 2.000000
0.640541 0.616702 2.000000
0.640541 0.712527 2.000000
0.640541 0.808351 2.000000
0.640541 0.904176 2.000000
0.640541 1.000000 2.000000
