4
1
30
0.250591 0.000000 1.000000
0.190610 0.067115 1.000000
0.145341 0.145093 1.000000
0.102645 0.224586 1.000000
0.060411 0.304317 1.000000
0.024817 0.387107 1.000000
0.003592 0.474305 1.000000
0.002931 0.563958 1.000000
0.049384 0.637307 1.000000
0.135783 0.656028 1.000000
0.226040 0.656028 1.000000
0.316159 0.654067 1.000000
0.404222 0.635953 1.000000
0.490487 0.609483 1.000000
0.576525 0.582413 1.000000
0.662708 0.558914 1.000000
0.664009 0.502400 0.000000
0.607497 0.432026 0.000000
0.550984 0.361652 0.000000
0.494471 0.291277 0.000000
0.437958 0.220903 0.000000
0.436170 0.284800 2.000000
0.430484 0.374747 2.000000
0.421629 0.464564 2.000000
0.411624 0.554201 2.000000
0.395991 0.643094 2.000000
0.387329 0.732926 2.000000
0.378079 0.822707 2.000000
0.385114 0.912231 2.000000
0.405437 1.000000 2.000000
