4
1
30
0.526839 0.000000 1.000000
0.464096 0.098657 1.000000
0.389335 0.189857 1.000000
0.305903 0.273952 1.000000
0.216565 0.351270 1.000000
0.121780 0.422289 1.000000
0.044992 0.511790 1.000000
0.017893 0.624511 1.000000
0.117364 0.678062 1.000000
0.235120 0.683897 1.000000
0.353581 0.683897 1.000000
0.472042 0.683897 1.000000
0.589668 0.673623 1.000000
0.706576 0.654506 1.000000
0.823484 0.635389 1.000000
0.941458 0.629949 1.000000
1.057085 0.604331 1.000000
1.172311 0.578529 1.000000
1.150573 0.525744 0.000000
1.061526 0.447618 0.000000
0.972479 0.369493 0.000000
0.883433 0.291367 0.000000
0.794386 0.213241 0.000000
0.842942 0.294417 2.000000
0.865021 0.410303 2.000000
0.886180 0.526843 2.000000
0.894632 0.644618 2.000000
0.894632 0.763078 2.000000
0.894632 0.881539 2.000000
0.894632 1.000000 2.000000
