4
1
30
0.444056 0.000000 1.000000
0.355530 0.072544 1.000000
0.287615 0.165016 1.000000
0.221748 0.258933 1.000000
0.154415 0.351834 1.000000
0.089636 0.446189 1.000000
0.039485 0.549339 1.000000
0.012299 0.654257 1.000000
0.119455 0.685315 1.000000
0.234182 0.684309 1.000000
0.348538 0.674569 1.000000
0.462947 0.665484 1.000000
0.577392 0.656859 1.000000
0.691816 0.648252 1.000000
0.806586 0.648252 1.000000
0.920804 0.642804 1.000000
0.893865 0.556316 0.000000
0.829494 0.461298 0.000000
0.765123 0.366280 0.000000
0.700752 0.271262 0.000000
0.636380 0.176244 0.000000
0.556273 0.112480 2.000000
0.499166 0.198723 2.000000
0.487578 0.312900 2.000000
0.481119 0.427433 2.000000
0.481119 0.542202 2.000000
0.481119 0.656972 2.000000
0.481119 0.771741 2.000000
0.484381 0.886326 2.000000
0.500000 1.000000 2.000000
