4
1
30
0.460756 0.000000 1.000000
0.427541 0.103337 1.000000
0.364911 0.192705 1.000000
0.284129 0.267110 1.000000
0.195059 0.331363 1.000000
0.107279 0.397314 1.000000
0.025191 0.470114 1.000000
0.104887 0.481105 1.000000
0.213924 0.493991 1.000000
0.323510 0.500000 1.000000
0.433392 0.500000 1.000000
0.543274 0.500000 1.000000
0.652852 0.493161 1.000000
0.762210 0.482497 1.000000
0.872017 0.481105 1.000000
0.981743 0.480435 1.000000
0.931624 0.402900 0.000000
0.865562 0.315094 0.000000
0.799499 0.227288 0.000000
0.733437 0.139482 0.000000
0.664150 0.058140 2.000000
0.595930 0.123603 2.000000
0.593100 0.233341 2.000000
0.583645 0.342809 2.000000
0.569846 0.451802 2.000000
0.563080 0.561476 2.000000
0.555732 0.671111 2.000000
0.547217 0.780661 2.000000
0.537791 0.890118 2.000000
0.537791 1.000000 2.000000
