0
0
30
0.000000 0.221198 1.000000
0.078269 0.150482 1.000000
0.164166 0.090591 1.000000
0.224447 0.145882 1.000000
0.222556 0.251082 1.000000
0.215598 0.356331 1.000000
0.209570 0.461642 1.000000
0.207473 0.566987 1.000000
0.213463 0.672244 1.000000
0.227938 0.776679 1.000000
0.259313 0.876794 1.000000
0.332333 0.950348 1.000000
0.433436 0.964956 1.000000
0.525970 0.921574 1.000000
0.599282 0.846294 1.000000
0.660612 0.760809 1.000000
0.711940 0.668873 1.000000
0.753945 0.572158 1.000000
0.786921 0.471961 1.000000
0.805856 0.368336 1.000000
0.800863 0.263784 1.000000
0.772756 0.163500 1.000000
0.717577 0.075221 1.000000
0.633520 0.017907 1.000000
0.529343 0.009314 1.000000
0.425858 0.027418 1.000000
0.326861 0.063265 1.000000
0.236615 0.117324 1.000000
0.171837 0.198301 1.000000
0.202765 0.290323 1.000000
