0
0
30
0.138201 0.000000 1.000000
0.104213 0.079716 1.000000
0.077493 0.162367 1.000000
0.056486 0.246695 1.000000
0.037671 0.331541 1.000000
0.018792 0.416373 1.000000
0.006216 0.502224 1.000000
0.000000 0.588816 1.000000
0.001017 0.675666 1.000000
0.010773 0.762024 1.000000
0.037241 0.844552 1.000000
0.078588 0.920767 1.000000
0.139836 0.981174 1.000000
0.222383 0.994843 1.000000
0.304796 0.968380 1.000000
0.378891 0.923368 1.000000
0.440853 0.863629 1.000000
0.484421 0.788811 1.000000
0.514347 0.707496 1.000000
0.530204 0.622540 1.000000
0.530204 0.535633 1.000000
0.527506 0.449059 1.000000
0.506225 0.364800 1.000000
0.481108 0.281717 1.000000
0.437653 0.207208 1.000000
0.372893 0.149583 1.000000
0.294711 0.113033 1.000000
0.209017 0.102999 1.000000
0.122109 0.102999 1.000000
0.035202 0.102999 1.000000
