0
0
30
0.000000 0.420043 1.000000
0.009138 0.506147 1.000000
0.018275 0.592250 1.000000
0.044604 0.674695 1.000000
0.072363 0.756483 1.000000
0.127867 0.822941 1.000000
0.185338 0.886912 1.000000
0.262784 0.925635 1.000000
0.341020 0.961522 1.000000
0.427334 0.968400 1.000000
0.513595 0.974652 1.000000
0.597536 0.953409 1.000000
0.681477 0.932167 1.000000
0.753615 0.884752 1.000000
0.825102 0.835896 1.000000
0.878897 0.768203 1.000000
0.931193 0.699426 1.000000
0.956389 0.616586 1.000000
0.976786 0.533109 1.000000
0.974045 0.446565 1.000000
0.959973 0.362564 1.000000
0.925477 0.283144 1.000000
0.877824 0.212049 1.000000
0.820834 0.146861 1.000000
0.751391 0.096249 1.000000
0.677692 0.051113 1.000000
0.593525 0.030781 1.000000
0.508998 0.030576 1.000000
0.426747 0.054698 1.000000
0.351812 0.098081 1.000000
