0
0
30
0.295533 0.124857 1.000000
0.211029 0.150557 1.000000
0.154709 0.220853 1.000000
0.111393 0.299856 1.000000
0.076677 0.383203 1.000000
0.047112 0.468553 1.000000
0.027365 0.556738 1.000000
0.015815 0.646167 1.000000
0.013807 0.736148 1.000000
0.027110 0.825058 1.000000
0.068796 0.904954 1.000000
0.139035 0.961455 1.000000
0.227571 0.979564 1.000000
0.316640 0.968545 1.000000
0.401540 0.940781 1.000000
0.482129 0.899889 1.000000
0.554722 0.846303 1.000000
0.623442 0.788220 1.000000
0.680654 0.718268 1.000000
0.727251 0.641479 1.000000
0.764421 0.559592 1.000000
0.775970 0.469964 1.000000
0.774479 0.380294 1.000000
0.763505 0.290593 1.000000
0.731391 0.206184 1.000000
0.689526 0.126783 1.000000
0.632388 0.057842 1.000000
0.555027 0.013994 1.000000
0.467448 0.019706 1.000000
0.394044 0.071019 1.000000
