0
0
30
0.532774 0.021939 1.000000
0.447743 0.043765 1.000000
0.375953 0.103439 1.000000
0.307824 0.167940 1.000000
0.251331 0.242287 1.000000
0.198989 0.320147 1.000000
0.146647 0.398007 1.000000
0.112646 0.485177 1.000000
0.080695 0.573386 1.000000
0.051786 0.661888 1.000000
0.066414 0.754558 1.000000
0.081042 0.847229 1.000000
0.146491 0.909133 1.000000
0.224571 0.954926 1.000000
0.317838 0.944771 1.000000
0.405530 0.919265 1.000000
0.483577 0.867202 1.000000
0.552092 0.805211 1.000000
0.607283 0.729344 1.000000
0.653159 0.648936 1.000000
0.678933 0.558728 1.000000
0.702533 0.468289 1.000000
0.696205 0.374685 1.000000
0.689878 0.281080 1.000000
0.653785 0.196015 1.000000
0.609523 0.113294 1.000000
0.524188 0.080687 1.000000
0.434018 0.061109 1.000000
0.342009 0.079444 1.000000
0.250000 0.097779 1.000000
