0
0
30
0.035573 0.321476 1.000000
0.018011 0.420829 1.000000
0.004296 0.521468 1.000000
0.001089 0.622983 1.000000
0.010536 0.724123 1.000000
0.039893 0.821028 1.000000
0.094254 0.906208 1.000000
0.176401 0.964426 1.000000
0.273747 0.990997 1.000000
0.375080 0.989789 1.000000
0.473539 0.964882 1.000000
0.566739 0.924703 1.000000
0.652292 0.869993 1.000000
0.729473 0.804009 1.000000
0.795725 0.727017 1.000000
0.849134 0.640614 1.000000
0.886835 0.546278 1.000000
0.908479 0.447096 1.000000
0.909086 0.345651 1.000000
0.887975 0.246666 1.000000
0.842192 0.156584 1.000000
0.772945 0.083456 1.000000
0.684999 0.033874 1.000000
0.586884 0.009178 1.000000
0.485513 0.006902 1.000000
0.385298 0.022886 1.000000
0.288669 0.053959 1.000000
0.197731 0.098988 1.000000
0.113971 0.156311 1.000000
0.038208 0.223979 1.000000
