0
0
30
0.414899 0.180806 1.000000
0.362555 0.086705 1.000000
0.289715 0.126318 1.000000
0.236142 0.219999 1.000000
0.190139 0.317508 1.000000
0.148652 0.417115 1.000000
0.132230 0.523828 1.000000
0.126051 0.630440 1.000000
0.144548 0.736812 1.000000
0.189300 0.833811 1.000000
0.253237 0.917592 1.000000
0.345255 0.972254 1.000000
0.452923 0.980303 1.000000
0.555530 0.953259 1.000000
0.653198 0.909439 1.000000
0.735626 0.839705 1.000000
0.802182 0.757156 1.000000
0.852982 0.661885 1.000000
0.863532 0.556135 1.000000
0.859374 0.449309 1.000000
0.819945 0.348797 1.000000
0.768182 0.256158 1.000000
0.693627 0.178063 1.000000
0.609657 0.114251 1.000000
0.508498 0.076514 1.000000
0.405579 0.052989 1.000000
0.298272 0.064917 1.000000
0.193156 0.084268 1.000000
0.096578 0.132537 1.000000
0.000000 0.180806 1.000000
