0
0
30
0.545533 0.136598 1.000000
0.457706 0.082067 1.000000
0.355259 0.095170 1.000000
0.263250 0.147146 1.000000
0.182067 0.214541 1.000000
0.112552 0.294242 1.000000
0.055057 0.383251 1.000000
0.020727 0.483394 1.000000
0.009397 0.588266 1.000000
0.019145 0.693362 1.000000
0.053633 0.792873 1.000000
0.114128 0.879206 1.000000
0.200004 0.940747 1.000000
0.297741 0.980392 1.000000
0.402127 0.992268 1.000000
0.505823 0.973845 1.000000
0.601861 0.929901 1.000000
0.690938 0.872665 1.000000
0.773398 0.806246 1.000000
0.850274 0.733434 1.000000
0.916390 0.651157 1.000000
0.971880 0.561085 1.000000
1.012932 0.464063 1.000000
1.033977 0.360693 1.000000
1.029099 0.255629 1.000000
0.995143 0.156059 1.000000
0.931110 0.073879 1.000000
0.838957 0.022311 1.000000
0.734788 0.007732 1.000000
0.636598 0.045533 1.000000
