0
0
30
0.459885 0.011461 1.000000
0.387661 0.073621 1.000000
0.329251 0.153341 1.000000
0.285497 0.241596 1.000000
0.248136 0.332861 1.000000
0.223247 0.428508 1.000000
0.202422 0.524755 1.000000
0.198635 0.623515 1.000000
0.199233 0.721882 1.000000
0.220474 0.818405 1.000000
0.264739 0.903640 1.000000
0.339227 0.961022 1.000000
0.434937 0.969249 1.000000
0.527489 0.934578 1.000000
0.601825 0.870470 1.000000
0.662553 0.794803 1.000000
0.703099 0.704670 1.000000
0.719229 0.608808 1.000000
0.723015 0.510048 1.000000
0.709169 0.413074 1.000000
0.685656 0.317080 1.000000
0.646569 0.227719 1.000000
0.593646 0.144250 1.000000
0.518441 0.084879 1.000000
0.429388 0.047462 1.000000
0.331102 0.057838 1.000000
0.240397 0.092776 1.000000
0.153362 0.139603 1.000000
0.076451 0.201549 1.000000
0.000000 0.264183 1.000000
