0
0
30
0.360740 0.185509 1.000000
0.358956 0.070825 1.000000
0.310403 0.042162 1.000000
0.247955 0.138077 1.000000
0.192866 0.238594 1.000000
0.148735 0.344500 1.000000
0.108446 0.451619 1.000000
0.083792 0.563671 1.000000
0.074321 0.676404 1.000000
0.088863 0.790211 1.000000
0.165211 0.874949 1.000000
0.262024 0.932831 1.000000
0.369062 0.968637 1.000000
0.483777 0.966630 1.000000
0.595360 0.946659 1.000000
0.703987 0.909728 1.000000
0.790950 0.835779 1.000000
0.861106 0.748417 1.000000
0.904545 0.642226 1.000000
0.902776 0.528096 1.000000
0.874881 0.419769 1.000000
0.820898 0.318530 1.000000
0.737505 0.240265 1.000000
0.644444 0.179086 1.000000
0.531945 0.156555 1.000000
0.419997 0.163962 1.000000
0.308403 0.190616 1.000000
0.202464 0.232191 1.000000
0.101232 0.286188 1.000000
0.000000 0.340185 1.000000
