0
0
30
0.418429 0.232686 1.000000
0.423483 0.123706 1.000000
0.344153 0.063195 1.000000
0.245849 0.106555 1.000000
0.170792 0.184627 1.000000
0.113166 0.278277 1.000000
0.072991 0.380134 1.000000
0.037613 0.484246 1.000000
0.034869 0.593752 1.000000
0.039031 0.702794 1.000000
0.085249 0.802569 1.000000
0.151932 0.885933 1.000000
0.239281 0.952725 1.000000
0.347443 0.971759 1.000000
0.453300 0.961225 1.000000
0.556849 0.924230 1.000000
0.638987 0.851726 1.000000
0.714314 0.772761 1.000000
0.770557 0.678275 1.000000
0.810896 0.577383 1.000000
0.835839 0.470290 1.000000
0.826925 0.360962 1.000000
0.796005 0.257587 1.000000
0.744773 0.160292 1.000000
0.663460 0.086414 1.000000
0.567088 0.041843 1.000000
0.459515 0.027448 1.000000
0.352699 0.053551 1.000000
0.250668 0.093287 1.000000
0.150971 0.139670 1.000000
