0
0
30
0.443309 0.075587 1.000000
0.359794 0.008676 1.000000
0.261430 0.042740 1.000000
0.199666 0.133204 1.000000
0.151079 0.231720 1.000000
0.107305 0.332458 1.000000
0.067958 0.435018 1.000000
0.035202 0.539853 1.000000
0.012356 0.647260 1.000000
0.006204 0.756693 1.000000
0.028573 0.863242 1.000000
0.097759 0.945178 1.000000
0.199307 0.984972 1.000000
0.308475 0.990923 1.000000
0.416031 0.970571 1.000000
0.516777 0.927834 1.000000
0.606435 0.865362 1.000000
0.681128 0.785505 1.000000
0.738970 0.692706 1.000000
0.777925 0.590513 1.000000
0.795670 0.482646 1.000000
0.789566 0.373522 1.000000
0.759433 0.268426 1.000000
0.706541 0.172844 1.000000
0.632280 0.092857 1.000000
0.539557 0.035453 1.000000
0.434289 0.006211 1.000000
0.325510 0.014283 1.000000
0.227108 0.060328 1.000000
0.159346 0.146067 1.000000
