0
0
30
0.731757 0.185509 1.000000
0.655360 0.129197 1.000000
0.557759 0.195664 1.000000
0.481610 0.286270 1.000000
0.425386 0.390313 1.000000
0.392335 0.503144 1.000000
0.381980 0.620004 1.000000
0.395403 0.737316 1.000000
0.441748 0.846383 1.000000
0.518821 0.934717 1.000000
0.624449 0.982854 1.000000
0.740882 0.984438 1.000000
0.853731 0.952636 1.000000
0.953155 0.892083 1.000000
1.034045 0.806370 1.000000
1.078036 0.696332 1.000000
1.098528 0.580861 1.000000
1.103623 0.463004 1.000000
1.074380 0.348163 1.000000
1.031919 0.238648 1.000000
0.973369 0.135617 1.000000
0.884488 0.057396 1.000000
0.773949 0.022393 1.000000
0.657542 0.020302 1.000000
0.540817 0.040768 1.000000
0.428617 0.077982 1.000000
0.317466 0.119081 1.000000
0.209787 0.167973 1.000000
0.104893 0.223118 1.000000
0.000000 0.278263 1.000000
