0
0
30
0.518927 0.050789 1.000000
0.512480 0.156722 1.000000
0.490445 0.261353 1.000000
0.466008 0.365542 1.000000
0.445015 0.470506 1.000000
0.427355 0.576058 1.000000
0.413924 0.682034 1.000000
0.417156 0.789028 1.000000
0.436762 0.894017 1.000000
0.505598 0.970552 1.000000
0.609716 0.979612 1.000000
0.710955 0.948663 1.000000
0.804112 0.896189 1.000000
0.881114 0.821833 1.000000
0.950550 0.741119 1.000000
1.010540 0.652466 1.000000
1.046762 0.552462 1.000000
1.061949 0.448876 1.000000
1.046343 0.342977 1.000000
0.990114 0.252014 1.000000
0.918607 0.174946 1.000000
0.832370 0.111533 1.000000
0.733884 0.071201 1.000000
0.633031 0.035329 1.000000
0.526813 0.023131 1.000000
0.420320 0.012749 1.000000
0.313305 0.015173 1.000000
0.206832 0.022931 1.000000
0.101520 0.042100 1.000000
0.000000 0.076025 1.000000
