0
0
30
0.506154 0.098769 1.000000
0.472101 0.133258 1.000000
0.419495 0.230694 1.000000
0.371078 0.330155 1.000000
0.328668 0.432448 1.000000
0.293109 0.537222 1.000000
0.260206 0.642957 1.000000
0.253005 0.753359 1.000000
0.279930 0.858062 1.000000
0.353160 0.931921 1.000000
0.455585 0.967179 1.000000
0.566322 0.967179 1.000000
0.673290 0.942235 1.000000
0.776169 0.904316 1.000000
0.859366 0.831235 1.000000
0.927297 0.746014 1.000000
0.979763 0.648496 1.000000
0.995390 0.540055 1.000000
1.001430 0.430185 1.000000
0.959178 0.327826 1.000000
0.907555 0.232517 1.000000
0.820918 0.163550 1.000000
0.731833 0.099391 1.000000
0.625085 0.069940 1.000000
0.518336 0.040489 1.000000
0.409515 0.053987 1.000000
0.300426 0.073017 1.000000
0.196783 0.108226 1.000000
0.098391 0.159036 1.000000
0.000000 0.209846 1.000000
