0
0
30
0.438168 0.047709 1.000000
0.339895 0.078973 1.000000
0.257010 0.142892 1.000000
0.186215 0.220228 1.000000
0.123908 0.304903 1.000000
0.077676 0.399460 1.000000
0.043757 0.498414 1.000000
0.019621 0.600863 1.000000
0.021203 0.706030 1.000000
0.042910 0.807291 1.000000
0.092355 0.897081 1.000000
0.177030 0.959024 1.000000
0.281743 0.969676 1.000000
0.383446 0.955563 1.000000
0.482561 0.920143 1.000000
0.567312 0.860023 1.000000
0.647117 0.791398 1.000000
0.709094 0.707390 1.000000
0.765287 0.618392 1.000000
0.810560 0.523682 1.000000
0.851626 0.426770 1.000000
0.881198 0.325951 1.000000
0.902938 0.223343 1.000000
0.899699 0.120694 1.000000
0.830637 0.045495 1.000000
0.730971 0.019115 1.000000
0.628688 0.032679 1.000000
0.534012 0.076867 1.000000
0.448497 0.137860 1.000000
0.371469 0.209589 1.000000
