0
0
30
0.110020 0.000000 1.000000
0.082254 0.085206 1.000000
0.058280 0.171367 1.000000
0.042403 0.259566 1.000000
0.030695 0.348282 1.000000
0.024528 0.437686 1.000000
0.018333 0.527087 1.000000
0.012059 0.616484 1.000000
0.006672 0.705911 1.000000
0.006672 0.795528 1.000000
0.014928 0.884162 1.000000
0.048665 0.963785 1.000000
0.130177 0.975824 1.000000
0.212709 0.943054 1.000000
0.288490 0.895915 1.000000
0.360514 0.842655 1.000000
0.412438 0.769614 1.000000
0.458623 0.693541 1.000000
0.489703 0.609487 1.000000
0.510178 0.523066 1.000000
0.517777 0.433773 1.000000
0.509577 0.345144 1.000000
0.491650 0.257627 1.000000
0.457394 0.174816 1.000000
0.394802 0.112150 1.000000
0.307070 0.099383 1.000000
0.219406 0.117985 1.000000
0.140664 0.159893 1.000000
0.067730 0.211257 1.000000
0.000000 0.269940 1.000000
