0
0
30
0.309353 0.020555 1.000000
0.236059 0.098006 1.000000
0.178127 0.188228 1.000000
0.126986 0.282437 1.000000
0.083730 0.380706 1.000000
0.050591 0.482415 1.000000
0.024989 0.586686 1.000000
0.029963 0.693017 1.000000
0.053903 0.795858 1.000000
0.109734 0.885927 1.000000
0.201067 0.942374 1.000000
0.303844 0.970161 1.000000
0.409897 0.983662 1.000000
0.517245 0.985719 1.000000
0.620412 0.960361 1.000000
0.713342 0.911958 1.000000
0.787495 0.835115 1.000000
0.806294 0.729406 1.000000
0.808467 0.623043 1.000000
0.798021 0.516184 1.000000
0.764663 0.414337 1.000000
0.726378 0.314328 1.000000
0.672392 0.221519 1.000000
0.605791 0.138423 1.000000
0.526769 0.067302 1.000000
0.426352 0.029299 1.000000
0.320558 0.034501 1.000000
0.231604 0.088127 1.000000
0.160966 0.167312 1.000000
0.103032 0.257708 1.000000
