0
0
30
0.390863 0.170897 1.000000
0.310215 0.230092 1.000000
0.243140 0.304219 1.000000
0.184448 0.385332 1.000000
0.130762 0.469928 1.000000
0.083376 0.558120 1.000000
0.042336 0.649507 1.000000
0.014951 0.745793 1.000000
0.004888 0.845021 1.000000
0.033879 0.938573 1.000000
0.116098 0.989329 1.000000
0.215621 0.990861 1.000000
0.312708 0.966832 1.000000
0.405535 0.929351 1.000000
0.494519 0.883394 1.000000
0.580368 0.831771 1.000000
0.663659 0.776077 1.000000
0.745297 0.717979 1.000000
0.824095 0.656092 1.000000
0.899654 0.590317 1.000000
0.967719 0.516964 1.000000
1.023933 0.434260 1.000000
1.056709 0.340452 1.000000
1.045342 0.242481 1.000000
0.982798 0.165320 1.000000
0.901409 0.107355 1.000000
0.810055 0.066684 1.000000
0.714177 0.037690 1.000000
0.616829 0.014002 1.000000
0.517766 0.000000 1.000000
