0
0
30
0.323760 0.009494 1.000000
0.266501 0.085127 1.000000
0.216278 0.172679 1.000000
0.167466 0.261028 1.000000
0.119511 0.349852 1.000000
0.084848 0.444302 1.000000
0.054459 0.540562 1.000000
0.045728 0.640787 1.000000
0.049479 0.739908 1.000000
0.089215 0.832700 1.000000
0.157776 0.904150 1.000000
0.244174 0.951523 1.000000
0.341699 0.977566 1.000000
0.441832 0.965448 1.000000
0.537193 0.937303 1.000000
0.627094 0.891399 1.000000
0.700363 0.823295 1.000000
0.760642 0.744426 1.000000
0.793799 0.649085 1.000000
0.790059 0.550914 1.000000
0.766116 0.453945 1.000000
0.710123 0.369956 1.000000
0.644871 0.295142 1.000000
0.561398 0.238383 1.000000
0.471324 0.196983 1.000000
0.372697 0.175488 1.000000
0.274333 0.183741 1.000000
0.176101 0.206974 1.000000
0.087443 0.254342 1.000000
0.000000 0.304771 1.000000
