0
0
30
0.299977 0.127322 1.000000
0.217280 0.160244 1.000000
0.156807 0.275579 1.000000
0.107733 0.396526 1.000000
0.077288 0.522449 1.000000
0.059507 0.651756 1.000000
0.083837 0.777260 1.000000
0.140935 0.888132 1.000000
0.253045 0.954974 1.000000
0.380299 0.963762 1.000000
0.509845 0.955580 1.000000
0.631549 0.908414 1.000000
0.751110 0.857471 1.000000
0.854050 0.777223 1.000000
0.951595 0.692684 1.000000
1.006606 0.574320 1.000000
1.042282 0.452495 1.000000
1.031730 0.322398 1.000000
0.982284 0.207104 1.000000
0.903674 0.102907 1.000000
0.784064 0.055254 1.000000
0.659635 0.025848 1.000000
0.531264 0.049456 1.000000
0.405050 0.078951 1.000000
0.291827 0.143888 1.000000
0.183478 0.214279 1.000000
0.106301 0.319541 1.000000
0.058620 0.435066 1.000000
0.062978 0.563640 1.000000
0.118169 0.681921 1.000000
