0
0
30
0.425769 0.212619 1.000000
0.441492 0.344042 1.000000
0.456469 0.475551 1.000000
0.472004 0.606982 1.000000
0.491467 0.737903 1.000000
0.541847 0.858725 1.000000
0.636535 0.942118 1.000000
0.760245 0.977032 1.000000
0.892541 0.972910 1.000000
1.018550 0.938674 1.000000
1.141443 0.889517 1.000000
1.247328 0.813610 1.000000
1.343977 0.723177 1.000000
1.422267 0.620381 1.000000
1.469718 0.496819 1.000000
1.508630 0.372203 1.000000
1.492653 0.240810 1.000000
1.442307 0.131603 1.000000
1.329148 0.062943 1.000000
1.205214 0.045917 1.000000
1.074038 0.063587 1.000000
0.942863 0.081257 1.000000
0.818633 0.124766 1.000000
0.696278 0.175247 1.000000
0.573923 0.225729 1.000000
0.452811 0.278669 1.000000
0.339608 0.347258 1.000000
0.226405 0.415846 1.000000
0.113203 0.484434 1.000000
0.000000 0.553022 1.000000
