0
0
30
0.233631 0.037202 1.000000
0.200159 0.083657 1.000000
0.152783 0.176335 1.000000
0.113455 0.272838 1.000000
0.076151 0.370097 1.000000
0.044341 0.469288 1.000000
0.020110 0.570489 1.000000
0.006702 0.673709 1.000000
0.005795 0.777712 1.000000
0.023789 0.879934 1.000000
0.086738 0.959834 1.000000
0.183681 0.993552 1.000000
0.287443 0.988476 1.000000
0.388766 0.965158 1.000000
0.486319 0.928970 1.000000
0.579399 0.882424 1.000000
0.666630 0.825589 1.000000
0.745580 0.757617 1.000000
0.812959 0.678120 1.000000
0.858423 0.584580 1.000000
0.870312 0.481817 1.000000
0.843428 0.382221 1.000000
0.784144 0.297796 1.000000
0.702518 0.234127 1.000000
0.607406 0.192985 1.000000
0.505402 0.172982 1.000000
0.401703 0.179439 1.000000
0.301862 0.208138 1.000000
0.213146 0.218636 1.000000
0.208333 0.114583 1.000000
