0
0
30
0.137946 0.207134 1.000000
0.092891 0.300987 1.000000
0.056770 0.398102 1.000000
0.030758 0.498908 1.000000
0.027277 0.601904 1.000000
0.033388 0.705832 1.000000
0.078872 0.797482 1.000000
0.133462 0.885856 1.000000
0.227752 0.929991 1.000000
0.322656 0.971170 1.000000
0.426724 0.968288 1.000000
0.529976 0.962151 1.000000
0.623097 0.915601 1.000000
0.716218 0.869050 1.000000
0.774821 0.783395 1.000000
0.832571 0.696774 1.000000
0.864311 0.598734 1.000000
0.888984 0.497592 1.000000
0.894391 0.395774 1.000000
0.876867 0.293152 1.000000
0.851464 0.194162 1.000000
0.784816 0.114184 1.000000
0.702583 0.060924 1.000000
0.600158 0.042281 1.000000
0.503174 0.061716 1.000000
0.410069 0.108298 1.000000
0.318114 0.156733 1.000000
0.235067 0.219515 1.000000
0.152020 0.282297 1.000000
0.068973 0.345080 1.000000
