0
0
30
0.253956 0.095332 1.000000
0.230123 0.136810 1.000000
0.189851 0.207317 1.000000
0.149580 0.277825 1.000000
0.120245 0.353501 1.000000
0.091335 0.429378 1.000000
0.062910 0.505391 1.000000
0.048056 0.585219 1.000000
0.033201 0.665046 1.000000
0.024744 0.744679 1.000000
0.044438 0.823452 1.000000
0.065814 0.901069 1.000000
0.132310 0.947666 1.000000
0.204998 0.968397 1.000000
0.285385 0.956954 1.000000
0.359811 0.928131 1.000000
0.430295 0.887819 1.000000
0.500779 0.847506 1.000000
0.561371 0.793520 1.000000
0.621715 0.739191 1.000000
0.677596 0.680862 1.000000
0.724990 0.614932 1.000000
0.772384 0.549001 1.000000
0.803493 0.474645 1.000000
0.829923 0.397869 1.000000
0.841245 0.318565 1.000000
0.841245 0.237368 1.000000
0.835170 0.156962 1.000000
0.814341 0.078481 1.000000
0.793513 0.000000 1.000000
