0
0
30
0.320639 0.301834 1.000000
0.244458 0.407304 1.000000
0.168277 0.512775 1.000000
0.112301 0.629829 1.000000
0.062843 0.749507 1.000000
0.062843 0.879613 1.000000
0.149523 0.957384 1.000000
0.274890 0.965142 1.000000
0.404321 0.951909 1.000000
0.529444 0.917680 1.000000
0.653625 0.878865 1.000000
0.773552 0.830223 1.000000
0.886827 0.766221 1.000000
1.000103 0.702220 1.000000
1.087813 0.607748 1.000000
1.170517 0.507311 1.000000
1.215837 0.388355 1.000000
1.244221 0.261823 1.000000
1.193552 0.141988 1.000000
1.094425 0.076493 1.000000
0.969594 0.039821 1.000000
0.843190 0.066177 1.000000
0.716684 0.096574 1.000000
0.596970 0.143584 1.000000
0.485400 0.210515 1.000000
0.373830 0.277446 1.000000
0.279390 0.364651 1.000000
0.194770 0.463480 1.000000
0.130125 0.573033 1.000000
0.094499 0.698166 1.000000
