0
0
30
0.442025 0.020986 1.000000
0.362383 0.040381 1.000000
0.293765 0.087441 1.000000
0.239798 0.151864 1.000000
0.188766 0.218254 1.000000
0.149669 0.292646 1.000000
0.110571 0.367038 1.000000
0.078878 0.444300 1.000000
0.057617 0.525607 1.000000
0.036355 0.606913 1.000000
0.029034 0.689879 1.000000
0.030615 0.773904 1.000000
0.050919 0.851765 1.000000
0.099563 0.920296 1.000000
0.174863 0.949802 1.000000
0.256604 0.960439 1.000000
0.338940 0.943598 1.000000
0.417525 0.916919 1.000000
0.490177 0.874675 1.000000
0.557564 0.826005 1.000000
0.613297 0.763103 1.000000
0.657495 0.693824 1.000000
0.681126 0.613175 1.000000
0.681288 0.531589 1.000000
0.664158 0.449313 1.000000
0.633230 0.372432 1.000000
0.590010 0.300357 1.000000
0.542626 0.231325 1.000000
0.487079 0.168260 1.000000
0.431532 0.105194 1.000000
