0
0
30
0.261822 0.215001 1.000000
0.194841 0.204041 1.000000
0.163434 0.280417 1.000000
0.133778 0.357494 1.000000
0.104570 0.434720 1.000000
0.082352 0.514260 1.000000
0.060134 0.593801 1.000000
0.042877 0.674323 1.000000
0.033145 0.756333 1.000000
0.030135 0.837327 1.000000
0.063686 0.912790 1.000000
0.126231 0.957963 1.000000
0.204112 0.958805 1.000000
0.280589 0.929796 1.000000
0.344058 0.876957 1.000000
0.402201 0.819056 1.000000
0.451740 0.752978 1.000000
0.494777 0.683374 1.000000
0.523146 0.605813 1.000000
0.545006 0.527156 1.000000
0.543634 0.444582 1.000000
0.542263 0.362008 1.000000
0.518925 0.282937 1.000000
0.494542 0.204033 1.000000
0.454339 0.132481 1.000000
0.408695 0.064173 1.000000
0.333793 0.029387 1.000000
0.263927 0.064158 1.000000
0.212255 0.126525 1.000000
0.168181 0.196366 1.000000
