0
0
30
0.893795 0.159639 1.000000
0.864129 0.048863 1.000000
0.756125 0.013798 1.000000
0.640620 0.020616 1.000000
0.528355 0.048600 1.000000
0.420450 0.091138 1.000000
0.321139 0.151686 1.000000
0.227572 0.220458 1.000000
0.140978 0.296986 1.000000
0.075274 0.392963 1.000000
0.043872 0.503126 1.000000
0.048389 0.615608 1.000000
0.086840 0.725124 1.000000
0.169071 0.807384 1.000000
0.261506 0.875489 1.000000
0.365539 0.927506 1.000000
0.477195 0.958491 1.000000
0.590731 0.982097 1.000000
0.707025 0.980027 1.000000
0.819071 0.959337 1.000000
0.924757 0.910766 1.000000
1.009742 0.834325 1.000000
1.086775 0.747179 1.000000
1.128165 0.638702 1.000000
1.159807 0.528060 1.000000
1.159807 0.411748 1.000000
1.129192 0.302931 1.000000
1.075460 0.199773 1.000000
0.996372 0.114992 1.000000
0.915062 0.031822 1.000000
