0
0
30
0.615385 0.192188 1.000000
0.594181 0.074338 1.000000
0.495175 0.018974 1.000000
0.375193 0.020595 1.000000
0.257755 0.044663 1.000000
0.152241 0.100837 1.000000
0.072040 0.189899 1.000000
0.024864 0.300156 1.000000
0.012267 0.419109 1.000000
0.027095 0.537405 1.000000
0.061013 0.652098 1.000000
0.112937 0.760592 1.000000
0.191974 0.850952 1.000000
0.285653 0.923485 1.000000
0.394352 0.972708 1.000000
0.512572 0.994867 1.000000
0.631790 0.982758 1.000000
0.744066 0.943616 1.000000
0.845548 0.881345 1.000000
0.933602 0.799586 1.000000
0.986433 0.691531 1.000000
1.011629 0.575587 1.000000
1.003189 0.458753 1.000000
0.959246 0.346788 1.000000
0.879578 0.257698 1.000000
0.794650 0.173259 1.000000
0.684611 0.124693 1.000000
0.573884 0.078425 1.000000
0.455286 0.058383 1.000000
0.336688 0.038342 1.000000
