0
0
30
0.264881 0.068452 1.000000
0.153276 0.045757 1.000000
0.081724 0.140436 1.000000
0.043412 0.253959 1.000000
0.018009 0.371284 1.000000
0.005152 0.490592 1.000000
0.004810 0.610501 1.000000
0.019584 0.729495 1.000000
0.057394 0.843144 1.000000
0.128097 0.938216 1.000000
0.234451 0.990176 1.000000
0.353148 0.981615 1.000000
0.464453 0.937756 1.000000
0.564431 0.871471 1.000000
0.654955 0.792974 1.000000
0.734466 0.703155 1.000000
0.804380 0.605761 1.000000
0.864624 0.501980 1.000000
0.910299 0.391324 1.000000
0.935680 0.274398 1.000000
0.929116 0.154860 1.000000
0.872596 0.051807 1.000000
0.763316 0.010921 1.000000
0.645374 0.027988 1.000000
0.533894 0.071843 1.000000
0.428966 0.129979 1.000000
0.329327 0.196831 1.000000
0.233045 0.268535 1.000000
0.136882 0.340412 1.000000
0.035714 0.404762 1.000000
