0
0
30
0.784834 0.215166 1.000000
0.789493 0.099235 1.000000
0.696511 0.038225 1.000000
0.581526 0.017176 1.000000
0.464343 0.015434 1.000000
0.347379 0.023833 1.000000
0.234367 0.053746 1.000000
0.129332 0.103600 1.000000
0.049907 0.185580 1.000000
0.012930 0.294755 1.000000
0.009611 0.410913 1.000000
0.027303 0.526263 1.000000
0.064385 0.637511 1.000000
0.130484 0.732973 1.000000
0.209488 0.818273 1.000000
0.307042 0.883345 1.000000
0.412835 0.931333 1.000000
0.524495 0.967153 1.000000
0.641084 0.973526 1.000000
0.755104 0.956793 1.000000
0.857906 0.905962 1.000000
0.933289 0.816137 1.000000
0.975440 0.706906 1.000000
0.990922 0.592154 1.000000
0.978731 0.477939 1.000000
0.930359 0.371115 1.000000
0.846278 0.291032 1.000000
0.755237 0.217691 1.000000
0.651734 0.162570 1.000000
0.548232 0.107449 1.000000
