0
0
30
0.577338 0.433196 1.000000
0.629030 0.347337 1.000000
0.656324 0.251706 1.000000
0.635852 0.156213 1.000000
0.557136 0.097079 1.000000
0.461043 0.070519 1.000000
0.361154 0.069209 1.000000
0.263195 0.091605 1.000000
0.189604 0.158906 1.000000
0.129777 0.237656 1.000000
0.086918 0.328544 1.000000
0.056180 0.423037 1.000000
0.042402 0.522574 1.000000
0.032543 0.622207 1.000000
0.041452 0.722297 1.000000
0.058109 0.820421 1.000000
0.098007 0.912647 1.000000
0.172790 0.977584 1.000000
0.271127 0.962296 1.000000
0.349899 0.899980 1.000000
0.420691 0.829513 1.000000
0.483944 0.751432 1.000000
0.531778 0.664000 1.000000
0.571796 0.571825 1.000000
0.598095 0.475326 1.000000
0.618178 0.376867 1.000000
0.617547 0.276910 1.000000
0.611840 0.176586 1.000000
0.583803 0.080125 1.000000
0.525951 0.000000 1.000000
