0
0
30
0.576241 0.355861 1.000000
0.541938 0.274948 1.000000
0.485129 0.208622 1.000000
0.405030 0.177895 1.000000
0.320147 0.191950 1.000000
0.246212 0.237336 1.000000
0.184909 0.300473 1.000000
0.136577 0.373407 1.000000
0.092610 0.449639 1.000000
0.064070 0.532514 1.000000
0.038895 0.616838 1.000000
0.024690 0.703159 1.000000
0.018529 0.790946 1.000000
0.036705 0.875834 1.000000
0.082187 0.943586 1.000000
0.163541 0.971004 1.000000
0.250358 0.963878 1.000000
0.329459 0.925311 1.000000
0.395363 0.868558 1.000000
0.450455 0.800721 1.000000
0.494322 0.724432 1.000000
0.519633 0.640503 1.000000
0.537729 0.554750 1.000000
0.541981 0.466851 1.000000
0.543055 0.379026 1.000000
0.534710 0.291420 1.000000
0.523318 0.204353 1.000000
0.501172 0.119183 1.000000
0.454580 0.048922 1.000000
0.372862 0.042450 1.000000
