0
0
30
0.467497 0.456392 1.000000
0.534535 0.379380 1.000000
0.577764 0.287180 1.000000
0.580007 0.185902 1.000000
0.540885 0.092280 1.000000
0.465257 0.028365 1.000000
0.367253 0.043631 1.000000
0.288907 0.106364 1.000000
0.224841 0.186446 1.000000
0.171502 0.273912 1.000000
0.119571 0.362348 1.000000
0.084629 0.458766 1.000000
0.049698 0.555190 1.000000
0.025919 0.654803 1.000000
0.008558 0.755321 1.000000
0.019332 0.857309 1.000000
0.061197 0.949258 1.000000
0.156576 0.976165 1.000000
0.255192 0.949353 1.000000
0.340091 0.891821 1.000000
0.412946 0.820472 1.000000
0.474430 0.739386 1.000000
0.520294 0.647657 1.000000
0.554769 0.551482 1.000000
0.583196 0.452945 1.000000
0.585621 0.350423 1.000000
0.575640 0.249308 1.000000
0.549466 0.150290 1.000000
0.491095 0.065967 1.000000
0.413055 0.000000 1.000000
