0
0
30
0.443320 0.597893 1.000000
0.514949 0.530618 1.000000
0.560015 0.443387 1.000000
0.549205 0.345874 1.000000
0.506981 0.257044 1.000000
0.440327 0.184940 1.000000
0.351632 0.153126 1.000000
0.262524 0.189430 1.000000
0.191583 0.258116 1.000000
0.140607 0.343045 1.000000
0.094537 0.430265 1.000000
0.062126 0.523866 1.000000
0.035000 0.618848 1.000000
0.017451 0.716334 1.000000
0.019716 0.813992 1.000000
0.050415 0.904612 1.000000
0.124828 0.964617 1.000000
0.220490 0.968961 1.000000
0.311249 0.932546 1.000000
0.380131 0.861364 1.000000
0.436550 0.780825 1.000000
0.485697 0.694824 1.000000
0.515784 0.601526 1.000000
0.536635 0.504692 1.000000
0.548073 0.407090 1.000000
0.543205 0.308157 1.000000
0.530703 0.210841 1.000000
0.495014 0.118441 1.000000
0.432999 0.045814 1.000000
0.340211 0.030832 1.000000
