0
0
30
0.546506 0.453494 1.000000
0.543422 0.364929 1.000000
0.543987 0.276464 1.000000
0.493824 0.207058 1.000000
0.414063 0.174698 1.000000
0.328420 0.183795 1.000000
0.247876 0.217994 1.000000
0.181392 0.276630 1.000000
0.125386 0.343682 1.000000
0.082454 0.421239 1.000000
0.047846 0.501989 1.000000
0.027898 0.588361 1.000000
0.015403 0.675349 1.000000
0.020915 0.763824 1.000000
0.042695 0.847488 1.000000
0.086368 0.924526 1.000000
0.168688 0.957413 1.000000
0.253418 0.948035 1.000000
0.330143 0.908912 1.000000
0.395017 0.848500 1.000000
0.439358 0.772279 1.000000
0.481167 0.694114 1.000000
0.498573 0.607193 1.000000
0.515979 0.520272 1.000000
0.520757 0.432292 1.000000
0.518081 0.343686 1.000000
0.514377 0.255199 1.000000
0.496661 0.168341 1.000000
0.476905 0.082101 1.000000
0.443474 0.000000 1.000000
