0
0
30
0.655400 0.275852 1.000000
0.590725 0.196343 1.000000
0.509735 0.133523 1.000000
0.418764 0.087721 1.000000
0.319452 0.098239 1.000000
0.245465 0.168266 1.000000
0.187375 0.251964 1.000000
0.136043 0.340849 1.000000
0.098308 0.435896 1.000000
0.065305 0.533088 1.000000
0.041104 0.632476 1.000000
0.024572 0.733779 1.000000
0.034217 0.834378 1.000000
0.083877 0.916702 1.000000
0.173497 0.961587 1.000000
0.274300 0.980612 1.000000
0.376832 0.975856 1.000000
0.476654 0.958005 1.000000
0.572651 0.921675 1.000000
0.644031 0.848795 1.000000
0.692227 0.760866 1.000000
0.715436 0.662076 1.000000
0.710791 0.559538 1.000000
0.691904 0.459380 1.000000
0.662976 0.360898 1.000000
0.627273 0.264843 1.000000
0.587106 0.170386 1.000000
0.534300 0.082886 1.000000
0.459669 0.023818 1.000000
0.367803 0.057290 1.000000
