0
0
30
0.769980 0.241192 1.000000
0.817800 0.146538 1.000000
0.786876 0.057220 1.000000
0.686399 0.033077 1.000000
0.580733 0.042104 1.000000
0.477124 0.065631 1.000000
0.384544 0.112053 1.000000
0.301561 0.178402 1.000000
0.226470 0.252581 1.000000
0.160770 0.336079 1.000000
0.104704 0.424765 1.000000
0.071131 0.525568 1.000000
0.038416 0.626461 1.000000
0.050168 0.732055 1.000000
0.084374 0.827764 1.000000
0.154320 0.907738 1.000000
0.252036 0.943332 1.000000
0.354954 0.961399 1.000000
0.459427 0.942066 1.000000
0.561655 0.916124 1.000000
0.656293 0.867834 1.000000
0.747732 0.815144 1.000000
0.822860 0.740016 1.000000
0.894691 0.662485 1.000000
0.943252 0.567986 1.000000
0.951232 0.465484 1.000000
0.912547 0.373791 1.000000
0.831615 0.306186 1.000000
0.736607 0.259271 1.000000
0.631911 0.241192 1.000000
