0
0
30
0.096785 0.080788 1.000000
0.087079 0.152570 1.000000
0.077373 0.224353 1.000000
0.067668 0.296136 1.000000
0.057962 0.367919 1.000000
0.048256 0.439701 1.000000
0.053064 0.510237 1.000000
0.074876 0.579310 1.000000
0.096689 0.648384 1.000000
0.118501 0.717458 1.000000
0.141549 0.785006 1.000000
0.213648 0.791990 1.000000
0.285746 0.798974 1.000000
0.357845 0.805959 1.000000
0.429943 0.812943 1.000000
0.487709 0.791972 1.000000
0.524122 0.729354 1.000000
0.560535 0.666736 1.000000
0.596948 0.604118 1.000000
0.589594 0.537725 1.000000
0.564438 0.469797 1.000000
0.539283 0.401870 1.000000
0.514127 0.333942 1.000000
0.470410 0.284376 1.000000
0.402760 0.258483 1.000000
0.335110 0.232590 1.000000
0.267460 0.206698 1.000000
0.199810 0.180805 1.000000
0.132160 0.154912 1.000000
0.064510 0.129019 1.000000
