0
0
30
0.284103 0.031480 1.000000
0.184726 0.006995 1.000000
0.096794 0.054645 1.000000
0.049480 0.145969 1.000000
0.022001 0.245537 1.000000
0.006067 0.347689 1.000000
0.003498 0.450996 1.000000
0.015117 0.553643 1.000000
0.039891 0.654075 1.000000
0.072784 0.752083 1.000000
0.118343 0.844759 1.000000
0.183730 0.924033 1.000000
0.271084 0.976431 1.000000
0.373255 0.985922 1.000000
0.475393 0.970939 1.000000
0.566914 0.923340 1.000000
0.642367 0.853475 1.000000
0.695975 0.765494 1.000000
0.727208 0.667034 1.000000
0.741966 0.565009 1.000000
0.734995 0.462253 1.000000
0.714054 0.360996 1.000000
0.676434 0.265323 1.000000
0.622123 0.177659 1.000000
0.550651 0.106400 1.000000
0.457656 0.061470 1.000000
0.359224 0.029587 1.000000
0.256549 0.024572 1.000000
0.153535 0.016748 1.000000
0.062959 0.041973 1.000000
