0
0
30
0.362355 0.028902 1.000000
0.248533 0.003455 1.000000
0.164030 0.086417 1.000000
0.092879 0.183049 1.000000
0.034928 0.287923 1.000000
0.012280 0.405293 1.000000
0.018104 0.524800 1.000000
0.066454 0.633812 1.000000
0.135249 0.731956 1.000000
0.214847 0.821671 1.000000
0.308466 0.895585 1.000000
0.416631 0.944501 1.000000
0.533330 0.971320 1.000000
0.652498 0.985249 1.000000
0.772341 0.978013 1.000000
0.890582 0.958699 1.000000
1.008537 0.936390 1.000000
1.125768 0.910853 1.000000
1.211098 0.839229 1.000000
1.211527 0.720053 1.000000
1.183442 0.604243 1.000000
1.126861 0.498808 1.000000
1.051921 0.405925 1.000000
0.960401 0.329041 1.000000
0.854240 0.275046 1.000000
0.738804 0.242045 1.000000
0.621076 0.221591 1.000000
0.501190 0.217365 1.000000
0.384889 0.240509 1.000000
0.275650 0.289740 1.000000
