0
0
30
0.310879 0.094645 1.000000
0.239239 0.022600 1.000000
0.157470 0.086623 1.000000
0.102400 0.177522 1.000000
0.064668 0.277226 1.000000
0.040494 0.380047 1.000000
0.030875 0.486217 1.000000
0.033087 0.592386 1.000000
0.042711 0.698554 1.000000
0.073170 0.799960 1.000000
0.122160 0.892340 1.000000
0.200893 0.960695 1.000000
0.306908 0.971888 1.000000
0.412752 0.970573 1.000000
0.518419 0.956473 1.000000
0.620888 0.929401 1.000000
0.720999 0.892764 1.000000
0.804147 0.828946 1.000000
0.870522 0.748189 1.000000
0.907919 0.648359 1.000000
0.906404 0.543339 1.000000
0.868629 0.449115 1.000000
0.792683 0.378763 1.000000
0.688619 0.355629 1.000000
0.583344 0.339925 1.000000
0.477321 0.328804 1.000000
0.371218 0.318484 1.000000
0.267477 0.295783 1.000000
0.341344 0.275425 1.000000
0.446278 0.256652 1.000000
