0
0
30
0.585136 0.018815 1.000000
0.514783 0.105902 1.000000
0.476287 0.214003 1.000000
0.447812 0.325324 1.000000
0.431030 0.439289 1.000000
0.423178 0.553768 1.000000
0.426765 0.668907 1.000000
0.450462 0.780807 1.000000
0.492449 0.884690 1.000000
0.585862 0.952097 1.000000
0.699694 0.959953 1.000000
0.811783 0.945646 1.000000
0.919505 0.904834 1.000000
1.011294 0.837950 1.000000
1.087176 0.754911 1.000000
1.115958 0.643370 1.000000
1.122671 0.531332 1.000000
1.098944 0.418608 1.000000
1.064461 0.310131 1.000000
1.004778 0.211603 1.000000
0.937029 0.121597 1.000000
0.835382 0.067397 1.000000
0.729196 0.031358 1.000000
0.614002 0.031358 1.000000
0.501174 0.049912 1.000000
0.390378 0.080873 1.000000
0.284927 0.127238 1.000000
0.185032 0.183888 1.000000
0.090435 0.249438 1.000000
0.000000 0.320790 1.000000
