0
0
30
0.596071 0.365597 1.000000
0.600167 0.414032 1.000000
0.609505 0.547187 1.000000
0.651291 0.674566 1.000000
0.714476 0.792641 1.000000
0.803755 0.893046 1.000000
0.926967 0.945167 1.000000
1.058135 0.964081 1.000000
1.192429 0.967821 1.000000
1.322369 0.933653 1.000000
1.451059 0.896170 1.000000
1.571212 0.836043 1.000000
1.672237 0.752256 1.000000
1.732182 0.638348 1.000000
1.726522 0.506031 1.000000
1.677449 0.380956 1.000000
1.594249 0.277761 1.000000
1.499682 0.182831 1.000000
1.380176 0.121429 1.000000
1.259677 0.063626 1.000000
1.125591 0.055095 1.000000
0.991504 0.046563 1.000000
0.860125 0.070302 1.000000
0.729333 0.101050 1.000000
0.600560 0.138150 1.000000
0.476019 0.188562 1.000000
0.351477 0.238973 1.000000
0.232897 0.301985 1.000000
0.117033 0.369252 1.000000
0.096310 0.461428 1.000000
