0
0
30
0.211668 0.223395 1.000000
0.094543 0.196072 1.000000
0.035695 0.306522 1.000000
0.018121 0.431749 1.000000
0.029438 0.558627 1.000000
0.066071 0.680061 1.000000
0.124231 0.789988 1.000000
0.215524 0.878823 1.000000
0.331191 0.922793 1.000000
0.455404 0.951032 1.000000
0.581569 0.956063 1.000000
0.708755 0.948984 1.000000
0.835940 0.941904 1.000000
0.958033 0.907069 1.000000
1.079449 0.868541 1.000000
1.195530 0.820153 1.000000
1.294206 0.739597 1.000000
1.369877 0.645971 1.000000
1.388551 0.519965 1.000000
1.364042 0.399971 1.000000
1.311661 0.283858 1.000000
1.224867 0.191850 1.000000
1.128884 0.109632 1.000000
1.014965 0.052636 1.000000
0.892822 0.018106 1.000000
0.766202 0.011727 1.000000
0.649198 0.061753 1.000000
0.541662 0.129976 1.000000
0.435217 0.199936 1.000000
0.329229 0.270595 1.000000
