0
0
30
0.122868 0.175339 1.000000
0.010569 0.141087 1.000000
0.008307 0.268527 1.000000
0.032647 0.394754 1.000000
0.066542 0.519067 1.000000
0.127621 0.632071 1.000000
0.197604 0.738975 1.000000
0.296097 0.822050 1.000000
0.401661 0.891308 1.000000
0.526656 0.922592 1.000000
0.652261 0.944196 1.000000
0.780193 0.928834 1.000000
0.908124 0.913472 1.000000
1.024388 0.859215 1.000000
1.139651 0.801622 1.000000
1.215906 0.697889 1.000000
1.240994 0.581491 1.000000
1.218491 0.455076 1.000000
1.155962 0.342414 1.000000
1.087107 0.234781 1.000000
0.991463 0.148440 1.000000
0.888179 0.074942 1.000000
0.766662 0.032091 1.000000
0.640456 0.022460 1.000000
0.512837 0.034532 1.000000
0.393181 0.082335 1.000000
0.282384 0.146633 1.000000
0.179585 0.223736 1.000000
0.089014 0.315346 1.000000
0.017490 0.421076 1.000000
