0
0
30
0.135118 0.391919 1.000000
0.083630 0.400968 1.000000
0.096064 0.512603 1.000000
0.124193 0.621949 1.000000
0.162146 0.727763 1.000000
0.215025 0.827634 1.000000
0.289746 0.911373 1.000000
0.384153 0.962572 1.000000
0.495668 0.974052 1.000000
0.605635 0.948018 1.000000
0.708558 0.904367 1.000000
0.806160 0.847408 1.000000
0.878151 0.761178 1.000000
0.945095 0.670580 1.000000
0.987428 0.565802 1.000000
1.028205 0.460572 1.000000
1.048615 0.349424 1.000000
1.066169 0.238179 1.000000
1.053304 0.125907 1.000000
0.985614 0.046722 1.000000
0.880222 0.027211 1.000000
0.767465 0.034705 1.000000
0.659003 0.064621 1.000000
0.551461 0.099338 1.000000
0.445315 0.137502 1.000000
0.343900 0.187357 1.000000
0.242485 0.237212 1.000000
0.147757 0.297968 1.000000
0.058157 0.366319 1.000000
0.108081 0.418855 1.000000
