0
0
30
0.000000 0.428622 1.000000
0.021207 0.539413 1.000000
0.042413 0.650204 1.000000
0.089145 0.752800 1.000000
0.144107 0.848677 1.000000
0.237565 0.911843 1.000000
0.336438 0.958958 1.000000
0.449061 0.965315 1.000000
0.561476 0.969980 1.000000
0.669199 0.936510 1.000000
0.776922 0.903041 1.000000
0.876746 0.853826 1.000000
0.967982 0.787491 1.000000
1.048864 0.713671 1.000000
1.083247 0.606237 1.000000
1.117630 0.498802 1.000000
1.098280 0.388126 1.000000
1.077063 0.277337 1.000000
1.007116 0.189758 1.000000
0.934463 0.103469 1.000000
0.832825 0.059537 1.000000
0.725978 0.024215 1.000000
0.614451 0.041132 1.000000
0.503712 0.060301 1.000000
0.405926 0.116535 1.000000
0.310259 0.175490 1.000000
0.231810 0.256546 1.000000
0.167050 0.345506 1.000000
0.140527 0.453678 1.000000
0.185475 0.557138 1.000000
