0
0
30
0.197917 0.194853 1.000000
0.151852 0.261549 1.000000
0.116251 0.334457 1.000000
0.086994 0.410175 1.000000
0.062727 0.487639 1.000000
0.042546 0.566281 1.000000
0.026185 0.645808 1.000000
0.013488 0.726002 1.000000
0.004725 0.806721 1.000000
0.004257 0.887839 1.000000
0.022150 0.966097 1.000000
0.089877 0.985195 1.000000
0.152050 0.933514 1.000000
0.201950 0.869586 1.000000
0.244396 0.800429 1.000000
0.281776 0.728389 1.000000
0.315509 0.654539 1.000000
0.346857 0.579632 1.000000
0.375470 0.503639 1.000000
0.401917 0.426879 1.000000
0.426004 0.349352 1.000000
0.447316 0.271012 1.000000
0.465137 0.191803 1.000000
0.477569 0.111639 1.000000
0.475567 0.030844 1.000000
0.409863 0.018703 1.000000
0.347010 0.069857 1.000000
0.293376 0.130722 1.000000
0.248863 0.198501 1.000000
0.212010 0.270833 1.000000
