0
0
30
0.244141 0.000000 1.000000
0.251953 0.080228 1.000000
0.249384 0.160714 1.000000
0.238204 0.240595 1.000000
0.226485 0.320400 1.000000
0.215228 0.400271 1.000000
0.209364 0.480712 1.000000
0.205202 0.561260 1.000000
0.205084 0.641817 1.000000
0.211162 0.722200 1.000000
0.223668 0.801838 1.000000
0.250034 0.878006 1.000000
0.292742 0.945640 1.000000
0.359488 0.988290 1.000000
0.436712 0.978689 1.000000
0.498491 0.928429 1.000000
0.542535 0.861367 1.000000
0.570718 0.786150 1.000000
0.584687 0.707004 1.000000
0.584112 0.626776 1.000000
0.568839 0.548048 1.000000
0.539692 0.473212 1.000000
0.498139 0.404317 1.000000
0.445522 0.343407 1.000000
0.381167 0.294956 1.000000
0.308624 0.260336 1.000000
0.229783 0.244352 1.000000
0.149419 0.243937 1.000000
0.071199 0.261651 1.000000
0.000000 0.298828 1.000000
