0
0
30
0.234978 0.020628 1.000000
0.166102 0.052609 1.000000
0.120441 0.135937 1.000000
0.082482 0.223037 1.000000
0.050606 0.312484 1.000000
0.026754 0.404389 1.000000
0.011274 0.498053 1.000000
0.004762 0.592740 1.000000
0.007406 0.687637 1.000000
0.021818 0.781324 1.000000
0.051529 0.871363 1.000000
0.107161 0.947315 1.000000
0.189566 0.991381 1.000000
0.282983 0.982108 1.000000
0.369580 0.944087 1.000000
0.447690 0.890481 1.000000
0.517256 0.826105 1.000000
0.577486 0.752956 1.000000
0.626923 0.672039 1.000000
0.664058 0.584675 1.000000
0.684645 0.491899 1.000000
0.684348 0.396930 1.000000
0.661012 0.304952 1.000000
0.615325 0.221779 1.000000
0.552574 0.150702 1.000000
0.476530 0.094261 1.000000
0.390367 0.054918 1.000000
0.297611 0.035564 1.000000
0.203572 0.042791 1.000000
0.253812 0.038565 1.000000
