0
0
30
0.363281 0.117188 1.000000
0.282506 0.030452 1.000000
0.172141 0.027912 1.000000
0.091032 0.114577 1.000000
0.040970 0.222714 1.000000
0.016738 0.339606 1.000000
0.010204 0.459146 1.000000
0.021924 0.577845 1.000000
0.050987 0.693913 1.000000
0.102903 0.801498 1.000000
0.182418 0.890052 1.000000
0.284283 0.951224 1.000000
0.398740 0.985385 1.000000
0.517745 0.996777 1.000000
0.636794 0.986567 1.000000
0.752314 0.955953 1.000000
0.862127 0.908760 1.000000
0.960940 0.842198 1.000000
1.049281 0.761787 1.000000
1.125472 0.669992 1.000000
1.181008 0.565010 1.000000
1.188198 0.446854 1.000000
1.148806 0.335206 1.000000
1.066975 0.248799 1.000000
0.966226 0.184936 1.000000
0.856709 0.137023 1.000000
0.742908 0.100007 1.000000
0.626795 0.070815 1.000000
0.509132 0.048532 1.000000
0.390625 0.031250 1.000000
