0
0
30
0.118712 0.297787 1.000000
0.105322 0.382225 1.000000
0.091526 0.466597 1.000000
0.079304 0.551208 1.000000
0.066665 0.635748 1.000000
0.051412 0.719869 1.000000
0.033773 0.803514 1.000000
0.014891 0.886894 1.000000
0.014960 0.969791 1.000000
0.084864 0.969187 1.000000
0.147984 0.912110 1.000000
0.206403 0.849690 1.000000
0.262724 0.785378 1.000000
0.318797 0.720842 1.000000
0.374828 0.656270 1.000000
0.430785 0.591634 1.000000
0.486743 0.526997 1.000000
0.541854 0.461651 1.000000
0.595805 0.395331 1.000000
0.649756 0.329011 1.000000
0.697628 0.258236 1.000000
0.741187 0.185601 1.000000
0.746402 0.101557 1.000000
0.686475 0.042478 1.000000
0.603983 0.020028 1.000000
0.519069 0.018847 1.000000
0.434019 0.025243 1.000000
0.350347 0.042794 1.000000
0.267442 0.063483 1.000000
0.185111 0.086519 1.000000
