0
0
30
0.403585 0.736773 1.000000
0.481438 0.846526 1.000000
0.590668 0.922655 1.000000
0.723750 0.948624 1.000000
0.857504 0.959668 1.000000
0.992380 0.945757 1.000000
1.127257 0.931846 1.000000
1.253414 0.884190 1.000000
1.378148 0.831024 1.000000
1.502872 0.777843 1.000000
1.596269 0.679547 1.000000
1.689666 0.581250 1.000000
1.721390 0.459895 1.000000
1.715389 0.324436 1.000000
1.637841 0.228606 1.000000
1.526196 0.151660 1.000000
1.407119 0.094728 1.000000
1.272312 0.080158 1.000000
1.137505 0.065588 1.000000
1.003035 0.056135 1.000000
0.871290 0.088209 1.000000
0.739546 0.120282 1.000000
0.607802 0.152355 1.000000
0.488291 0.212322 1.000000
0.375457 0.287512 1.000000
0.262622 0.362703 1.000000
0.193804 0.473309 1.000000
0.144507 0.599622 1.000000
0.183494 0.721464 1.000000
0.245300 0.842151 1.000000
