0
0
30
0.083969 0.129771 1.000000
0.079777 0.210992 1.000000
0.075585 0.292213 1.000000
0.075566 0.373462 1.000000
0.078668 0.454732 1.000000
0.085565 0.535686 1.000000
0.095947 0.616349 1.000000
0.116290 0.695042 1.000000
0.138848 0.773161 1.000000
0.165402 0.849812 1.000000
0.206519 0.919941 1.000000
0.262929 0.974282 1.000000
0.337743 0.962027 1.000000
0.388295 0.898901 1.000000
0.425147 0.826668 1.000000
0.453650 0.750593 1.000000
0.475128 0.672152 1.000000
0.487497 0.591864 1.000000
0.495551 0.510995 1.000000
0.499985 0.429789 1.000000
0.494975 0.348614 1.000000
0.482969 0.268288 1.000000
0.459944 0.190771 1.000000
0.423794 0.118228 1.000000
0.373446 0.055313 1.000000
0.304720 0.013970 1.000000
0.225056 0.000402 1.000000
0.145106 0.011947 1.000000
0.070100 0.042734 1.000000
0.000000 0.083969 1.000000
