0
0
30
0.101879 0.015826 1.000000
0.025159 0.024976 1.000000
0.004342 0.112434 1.000000
0.001231 0.203022 1.000000
0.006428 0.293567 1.000000
0.014825 0.383861 1.000000
0.025356 0.473928 1.000000
0.037749 0.563765 1.000000
0.054965 0.652811 1.000000
0.078997 0.740244 1.000000
0.108543 0.825883 1.000000
0.146808 0.907819 1.000000
0.204194 0.975730 1.000000
0.290861 0.989307 1.000000
0.370889 0.949432 1.000000
0.435339 0.886018 1.000000
0.485910 0.811026 1.000000
0.523505 0.728616 1.000000
0.548157 0.641459 1.000000
0.557539 0.551479 1.000000
0.559616 0.460975 1.000000
0.554752 0.370411 1.000000
0.538349 0.281242 1.000000
0.504823 0.198267 1.000000
0.449659 0.127812 1.000000
0.377852 0.073657 1.000000
0.293842 0.043008 1.000000
0.205517 0.055780 1.000000
0.126548 0.099699 1.000000
0.057369 0.158259 1.000000
