0
0
30
0.232595 0.014241 1.000000
0.156695 0.037325 1.000000
0.106507 0.106981 1.000000
0.071117 0.185850 1.000000
0.042570 0.267474 1.000000
0.022759 0.351606 1.000000
0.009254 0.437018 1.000000
0.005500 0.523414 1.000000
0.009459 0.609721 1.000000
0.024013 0.694918 1.000000
0.048335 0.777768 1.000000
0.084678 0.856112 1.000000
0.137106 0.924553 1.000000
0.205339 0.976721 1.000000
0.288172 0.997656 1.000000
0.371133 0.977094 1.000000
0.433877 0.918662 1.000000
0.473328 0.841848 1.000000
0.501690 0.760230 1.000000
0.517441 0.675272 1.000000
0.526215 0.589235 1.000000
0.529532 0.502807 1.000000
0.528256 0.416315 1.000000
0.524223 0.329913 1.000000
0.509841 0.244629 1.000000
0.487865 0.161252 1.000000
0.428531 0.101098 1.000000
0.349352 0.066360 1.000000
0.266220 0.044831 1.000000
0.181962 0.061709 1.000000
