0
0
30
0.163522 0.166667 1.000000
0.085164 0.192786 1.000000
0.038702 0.260165 1.000000
0.012582 0.337594 1.000000
0.007095 0.417813 1.000000
0.026771 0.498031 1.000000
0.046619 0.578207 1.000000
0.066366 0.658408 1.000000
0.086042 0.738627 1.000000
0.105718 0.818845 1.000000
0.146989 0.889605 1.000000
0.210145 0.938500 1.000000
0.284476 0.930121 1.000000
0.330093 0.861265 1.000000
0.387818 0.802241 1.000000
0.430913 0.733672 1.000000
0.461689 0.657024 1.000000
0.497251 0.582539 1.000000
0.529299 0.507006 1.000000
0.545851 0.426085 1.000000
0.564475 0.345640 1.000000
0.578686 0.265593 1.000000
0.558478 0.185507 1.000000
0.518870 0.114061 1.000000
0.460421 0.057977 1.000000
0.388430 0.018823 1.000000
0.308851 0.000000 1.000000
0.227314 0.006604 1.000000
0.150753 0.036349 1.000000
0.081761 0.081761 1.000000
