0
0
30
0.008475 0.252119 1.000000
0.007175 0.333671 1.000000
0.016015 0.418113 1.000000
0.026668 0.502335 1.000000
0.039793 0.586202 1.000000
0.056153 0.669452 1.000000
0.080701 0.750730 1.000000
0.112197 0.829508 1.000000
0.152992 0.903685 1.000000
0.209925 0.965533 1.000000
0.288567 0.988886 1.000000
0.366852 0.958570 1.000000
0.430887 0.904083 1.000000
0.479695 0.835262 1.000000
0.515442 0.758688 1.000000
0.541008 0.677726 1.000000
0.557473 0.594434 1.000000
0.569649 0.510501 1.000000
0.577618 0.426005 1.000000
0.576601 0.341106 1.000000
0.567635 0.256858 1.000000
0.549076 0.174320 1.000000
0.516729 0.096385 1.000000
0.462267 0.033430 1.000000
0.383712 0.009050 1.000000
0.301982 0.028200 1.000000
0.228277 0.070108 1.000000
0.164142 0.125718 1.000000
0.106028 0.187595 1.000000
0.050847 0.252119 1.000000
