0
0
30
0.131103 0.143761 1.000000
0.102429 0.220387 1.000000
0.075620 0.297677 1.000000
0.051562 0.375801 1.000000
0.032489 0.455362 1.000000
0.018216 0.535839 1.000000
0.006646 0.616832 1.000000
0.006964 0.698571 1.000000
0.014160 0.779674 1.000000
0.032711 0.859291 1.000000
0.069067 0.932585 1.000000
0.133423 0.979120 1.000000
0.211450 0.967307 1.000000
0.277771 0.921093 1.000000
0.334200 0.862204 1.000000
0.384220 0.797460 1.000000
0.423866 0.725934 1.000000
0.458433 0.652012 1.000000
0.486915 0.575315 1.000000
0.506148 0.495924 1.000000
0.521321 0.415640 1.000000
0.527567 0.334064 1.000000
0.524168 0.252719 1.000000
0.509927 0.172621 1.000000
0.478513 0.097077 1.000000
0.421389 0.038642 1.000000
0.344957 0.010653 1.000000
0.263453 0.014707 1.000000
0.185847 0.040477 1.000000
0.113020 0.077758 1.000000
