0
0
30
0.150794 0.021825 1.000000
0.075570 0.075669 1.000000
0.034112 0.162683 1.000000
0.015098 0.258521 1.000000
0.007089 0.355903 1.000000
0.008337 0.453629 1.000000
0.017649 0.551043 1.000000
0.047019 0.644424 1.000000
0.080893 0.735894 1.000000
0.127657 0.821893 1.000000
0.187019 0.898633 1.000000
0.257428 0.964932 1.000000
0.352587 0.987012 1.000000
0.449319 0.971991 1.000000
0.538162 0.931566 1.000000
0.615681 0.872816 1.000000
0.676144 0.797729 1.000000
0.723880 0.712266 1.000000
0.755575 0.620060 1.000000
0.781011 0.525770 1.000000
0.786783 0.428049 1.000000
0.765795 0.336501 1.000000
0.714070 0.254327 1.000000
0.638108 0.192582 1.000000
0.556038 0.140421 1.000000
0.467989 0.097642 1.000000
0.372503 0.077356 1.000000
0.275106 0.072705 1.000000
0.179507 0.092243 1.000000
0.095238 0.140873 1.000000
