0
0
30
0.000000 0.032653 1.000000
0.020856 0.122088 1.000000
0.041563 0.211556 1.000000
0.060441 0.301429 1.000000
0.079428 0.391279 1.000000
0.098681 0.481070 1.000000
0.121301 0.570075 1.000000
0.148186 0.657825 1.000000
0.179926 0.743918 1.000000
0.218783 0.826937 1.000000
0.270910 0.902202 1.000000
0.340242 0.961260 1.000000
0.426024 0.990418 1.000000
0.513506 0.971464 1.000000
0.580022 0.909660 1.000000
0.624188 0.829831 1.000000
0.651065 0.742353 1.000000
0.663995 0.651729 1.000000
0.665261 0.560147 1.000000
0.656341 0.468886 1.000000
0.636765 0.379162 1.000000
0.604853 0.293124 1.000000
0.561450 0.212548 1.000000
0.506546 0.139364 1.000000
0.439316 0.077606 1.000000
0.359654 0.033385 1.000000
0.271017 0.013540 1.000000
0.179764 0.016962 1.000000
0.092111 0.042419 1.000000
0.010204 0.083673 1.000000
