0
0
30
0.173397 0.068884 1.000000
0.067360 0.164810 1.000000
0.013882 0.297329 1.000000
0.000859 0.440798 1.000000
0.016773 0.584109 1.000000
0.057977 0.722184 1.000000
0.130893 0.845714 1.000000
0.239617 0.938575 1.000000
0.374462 0.986834 1.000000
0.518116 0.996041 1.000000
0.661464 0.981547 1.000000
0.801807 0.948412 1.000000
0.939039 0.904162 1.000000
1.073437 0.851769 1.000000
1.204587 0.791751 1.000000
1.329212 0.719368 1.000000
1.439195 0.626763 1.000000
1.524172 0.511127 1.000000
1.567398 0.374857 1.000000
1.549672 0.233386 1.000000
1.472214 0.113800 1.000000
1.349694 0.040191 1.000000
1.208898 0.010737 1.000000
1.064907 0.007820 1.000000
0.921902 0.026371 1.000000
0.780552 0.054983 1.000000
0.641346 0.092823 1.000000
0.504166 0.137315 1.000000
0.369048 0.187781 1.000000
0.237530 0.247031 1.000000
