0
0
30
0.402878 0.000000 1.000000
0.313044 0.013890 1.000000
0.230533 0.049475 1.000000
0.166685 0.113886 1.000000
0.115537 0.188830 1.000000
0.079583 0.272266 1.000000
0.047923 0.357503 1.000000
0.022060 0.444613 1.000000
0.005654 0.533995 1.000000
0.004907 0.624760 1.000000
0.020164 0.714351 1.000000
0.048254 0.800356 1.000000
0.094294 0.878658 1.000000
0.151932 0.948724 1.000000
0.231113 0.991416 1.000000
0.321270 0.992414 1.000000
0.406509 0.964428 1.000000
0.466592 0.897615 1.000000
0.503145 0.814407 1.000000
0.530309 0.727684 1.000000
0.550239 0.638973 1.000000
0.561325 0.548794 1.000000
0.567205 0.458110 1.000000
0.567146 0.367331 1.000000
0.558477 0.276938 1.000000
0.532358 0.190126 1.000000
0.479172 0.117903 1.000000
0.401858 0.070839 1.000000
0.315912 0.041405 1.000000
0.226619 0.025180 1.000000
