0
0
30
0.309255 0.060948 1.000000
0.215114 0.057608 1.000000
0.143844 0.123937 1.000000
0.100505 0.212503 1.000000
0.074583 0.307811 1.000000
0.061418 0.405792 1.000000
0.060607 0.504454 1.000000
0.071914 0.602848 1.000000
0.094288 0.699135 1.000000
0.124014 0.793304 1.000000
0.166250 0.882888 1.000000
0.235490 0.952246 1.000000
0.326935 0.987741 1.000000
0.423221 0.978961 1.000000
0.511317 0.934508 1.000000
0.585120 0.868460 1.000000
0.644403 0.789755 1.000000
0.689980 0.703116 1.000000
0.714027 0.607282 1.000000
0.719879 0.508414 1.000000
0.705175 0.410712 1.000000
0.672025 0.318025 1.000000
0.621491 0.233683 1.000000
0.555712 0.160412 1.000000
0.477600 0.099880 1.000000
0.389922 0.053817 1.000000
0.295358 0.024725 1.000000
0.197697 0.009328 1.000000
0.098810 0.005640 1.000000
0.000000 0.000000 1.000000
