0
0
30
0.599415 0.897661 1.000000
0.648248 0.758180 1.000000
0.699262 0.619483 1.000000
0.742501 0.478622 1.000000
0.730120 0.335130 1.000000
0.621933 0.244316 1.000000
0.475020 0.243286 1.000000
0.331773 0.279364 1.000000
0.197110 0.340240 1.000000
0.080999 0.430489 1.000000
0.027683 0.566296 1.000000
0.042972 0.709811 1.000000
0.111028 0.839935 1.000000
0.226271 0.929969 1.000000
0.370276 0.955586 1.000000
0.515458 0.939338 1.000000
0.658836 0.905277 1.000000
0.792058 0.841309 1.000000
0.921293 0.770775 1.000000
1.039520 0.682105 1.000000
1.140565 0.576763 1.000000
1.220440 0.453971 1.000000
1.235785 0.306987 1.000000
1.168801 0.179469 1.000000
1.052873 0.097274 1.000000
0.916849 0.040887 1.000000
0.769698 0.027234 1.000000
0.622494 0.016933 1.000000
0.474990 0.026011 1.000000
0.327485 0.035088 1.000000
