0
0
30
1.472826 0.421196 1.000000
1.438618 0.286286 1.000000
1.308375 0.191714 1.000000
1.153982 0.143143 1.000000
0.992997 0.122493 1.000000
0.830241 0.117367 1.000000
0.667539 0.126372 1.000000
0.506208 0.147482 1.000000
0.347391 0.182045 1.000000
0.197009 0.241869 1.000000
0.082566 0.354440 1.000000
0.030926 0.505543 1.000000
0.041366 0.666509 1.000000
0.122403 0.803924 1.000000
0.254028 0.894600 1.000000
0.405842 0.948895 1.000000
0.565783 0.980075 1.000000
0.728370 0.977284 1.000000
0.890784 0.967968 1.000000
1.049774 0.932256 1.000000
1.206682 0.889897 1.000000
1.357635 0.828526 1.000000
1.501783 0.754390 1.000000
1.636870 0.663260 1.000000
1.753536 0.550739 1.000000
1.849486 0.421853 1.000000
1.902871 0.269441 1.000000
1.858344 0.115693 1.000000
1.722988 0.028227 1.000000
1.562500 0.000000 1.000000
