1
43
14.9987 26.4869
14.9987 26.4869
14.9987 26.4869
14.9987 26.4789
14.9947 26.4869
14.9907 26.4829
14.9867 26.4869
14.9827 26.4869
14.9786 26.4909
14.9666 26.4989
14.9626 26.523
14.9586 26.527
14.9546 26.5351
14.9546 26.5631
14.9546 26.5792
14.9546 26.5912
14.9546 26.6033
14.9586 26.6233
14.9666 26.6394
14.9786 26.6635
15.0027 26.6875
15.0348 26.7076
15.0549 26.7236
15.087 26.7236
15.1151 26.7277
15.1472 26.7277
15.1712 26.7116
15.1913 26.6956
15.1993 26.6915
15.2033 26.6875
15.2033 26.6755
15.2033 26.6594
15.1953 26.6434
15.1833 26.6193
15.1632 26.5752
15.1432 26.5511
15.1231 26.531
15.091 26.523
15.0549 26.507
15.0027 26.507
14.9666 26.503
14.9465 26.519
14.9305 26.523
