1
69
6908 4049
6896 4040
6885 4043
6885 4043
6852 4066
6839 4085
6826 4111
6813 4140
6796 4177
6785 4217
6773 4263
6767 4312
6761 4365
6765 4414
6770 4462
6781 4507
6796 4549
6814 4584
6836 4615
6858 4638
6884 4656
6907 4667
6931 4672
6953 4672
6976 4668
6996 4659
7016 4645
7034 4626
7048 4604
7072 4548
7081 4516
7086 4482
7091 4449
7094 4416
7095 4385
7096 4358
7096 4331
7094 4286
7094 4266
7092 4249
7091 4231
7086 4213
7080 4176
7077 4162
7073 4148
7067 4136
7061 4126
7061 4126
7049 4110
7049 4110
7031 4104
7021 4100
7011 4094
7002 4090
7002 4090
6983 4082
6983 4082
6966 4076
6966 4076
6953 4071
6953 4071
6942 4069
6942 4069
6932 4067
6921 4069
6921 4069
6903 4069
6888 4075
6876 4079
