1
80
7137 4586
7137 4586
7148 4585
7148 4585
7160 4585
7160 4585
7160 4585
7178 4587
7178 4587
7178 4587
7179 4602
7179 4602
7177 4618
7177 4618
7175 4639
7175 4650
7171 4664
7170 4677
7168 4690
7168 4702
7166 4715
7166 4727
7167 4740
7169 4753
7171 4765
7179 4789
7192 4807
7192 4807
7208 4818
7208 4818
7225 4824
7236 4824
7246 4823
7256 4821
7267 4817
7278 4812
7288 4803
7288 4803
7306 4785
7311 4775
7318 4763
7321 4750
7326 4738
7327 4726
7328 4712
7328 4697
7327 4683
7327 4668
7326 4652
7325 4637
7323 4621
7322 4607
7321 4593
7320 4579
7317 4567
7315 4556
7309 4545
7305 4535
7305 4535
7295 4519
7295 4519
7280 4507
7280 4507
7265 4502
7265 4502
7251 4505
7251 4505
7235 4514
7235 4514
7220 4532
7213 4545
7204 4561
7197 4579
7189 4599
7183 4621
7168 4667
7168 4689
7164 4710
7165 4724
7164 4739
