1
60
5739 4588
5722 4589
5704 4594
5694 4597
5680 4610
5680 4610
5664 4630
5658 4641
5652 4656
5647 4670
5640 4686
5635 4703
5630 4722
5628 4737
5627 4755
5629 4786
5639 4808
5644 4820
5657 4839
5668 4852
5681 4863
5681 4863
5693 4865
5693 4865
5709 4866
5726 4863
5738 4860
5750 4850
5750 4850
5757 4839
5762 4826
5762 4826
5770 4808
5773 4798
5773 4798
5777 4778
5780 4768
5782 4756
5783 4744
5783 4732
5786 4720
5784 4707
5786 4695
5784 4684
5784 4673
5782 4663
5780 4653
5780 4653
5775 4637
5775 4637
5767 4625
5767 4625
5757 4616
5757 4616
5741 4608
5718 4599
5718 4599
5703 4596
5690 4595
5690 4595
