1
80
6594 3604
6576 3605
6558 3605
6540 3608
6521 3613
6475 3626
6455 3636
6435 3648
6415 3663
6397 3681
6379 3704
6361 3730
6344 3758
6332 3789
6317 3823
6303 3859
6289 3895
6278 3931
6268 3965
6261 4001
6256 4033
6253 4091
6256 4121
6261 4148
6268 4176
6277 4201
6287 4227
6300 4251
6314 4279
6329 4301
6357 4340
6373 4359
6393 4376
6412 4389
6433 4401
6454 4409
6475 4414
6500 4416
6523 4414
6545 4410
6567 4401
6588 4391
6609 4377
6629 4362
6650 4344
6671 4324
6692 4301
6714 4277
6734 4253
6753 4226
6772 4197
6789 4167
6801 4136
6810 4104
6816 4071
6821 4036
6822 4000
6821 3962
6815 3926
6809 3888
6801 3851
6793 3816
6782 3782
6770 3753
6757 3724
6740 3702
6726 3680
6708 3663
6693 3649
6673 3637
6656 3626
6638 3617
6623 3609
6609 3603
6595 3599
6585 3595
6585 3595
6565 3603
6553 3607
6536 3619
