4
1
30
0.472167 0.000000 1.000000
0.424697 0.093902 1.000000
0.360181 0.177463 1.000000
0.298319 0.262904 1.000000
0.232493 0.345535 1.000000
0.165999 0.427630 1.000000
0.104036 0.513049 1.000000
0.037193 0.594683 1.000000
0.083257 0.625933 1.000000
0.186717 0.604867 1.000000
0.290782 0.587660 1.000000
0.394412 0.567562 1.000000
0.497879 0.547167 1.000000
0.602465 0.532652 1.000000
0.707747 0.526839 1.000000
0.813398 0.526839 1.000000
0.919049 0.526839 1.000000
0.888848 0.473548 0.000000
0.811376 0.401713 0.000000
0.733903 0.329879 0.000000
0.656431 0.258045 0.000000
0.578958 0.186210 0.000000
0.578587 0.275523 2.000000
0.604020 0.377964 2.000000
0.634514 0.479119 2.000000
0.662251 0.580970 2.000000
0.679096 0.685168 2.000000
0.690861 0.790162 2.000000
0.706680 0.894609 2.000000
0.709742 1.000000 2.000000
