4
1
30
0.293496 0.029461 1.000000
0.305214 0.042223 1.000000
0.247133 0.117186 1.000000
0.194665 0.196365 1.000000
0.139533 0.273726 1.000000
0.084691 0.351269 1.000000
0.037885 0.433800 1.000000
0.009935 0.518099 1.000000
0.102378 0.515442 1.000000
0.197328 0.514730 1.000000
0.292328 0.514730 1.000000
0.387327 0.514730 1.000000
0.482042 0.507761 1.000000
0.576721 0.499959 1.000000
0.671275 0.490784 1.000000
0.764238 0.484415 0.000000
0.707782 0.408011 0.000000
0.651326 0.331607 0.000000
0.594869 0.255203 0.000000
0.538413 0.178798 0.000000
0.460765 0.151680 2.000000
0.455809 0.245495 2.000000
0.462673 0.340213 2.000000
0.471585 0.434762 2.000000
0.481936 0.529194 2.000000
0.492279 0.623629 2.000000
0.502808 0.718043 2.000000
0.514364 0.812336 2.000000
0.529006 0.906175 2.000000
0.543635 1.000000 2.000000
