4
1
30
0.277616 0.000000 1.000000
0.244594 0.080593 1.000000
0.201650 0.157284 1.000000
0.158178 0.233678 1.000000
0.117889 0.311783 1.000000
0.078173 0.390195 1.000000
0.040342 0.469534 1.000000
0.008923 0.551340 1.000000
0.040326 0.610381 1.000000
0.124275 0.584872 1.000000
0.206406 0.553581 1.000000
0.288768 0.522920 1.000000
0.370328 0.490173 1.000000
0.449041 0.451395 1.000000
0.455828 0.386268 0.000000
0.407280 0.312994 0.000000
0.358733 0.239721 0.000000
0.310185 0.166447 0.000000
0.261638 0.093174 0.000000
0.234348 0.131233 2.000000
0.231911 0.218988 2.000000
0.236784 0.306747 2.000000
0.244581 0.394270 2.000000
0.254737 0.481578 2.000000
0.265162 0.568854 2.000000
0.276464 0.656016 2.000000
0.290174 0.742837 2.000000
0.305543 0.829378 2.000000
0.324076 0.915292 2.000000
0.347384 1.000000 2.000000
