4
1
30
0.393388 0.000000 1.000000
0.342503 0.096990 1.000000
0.281083 0.188477 1.000000
0.217307 0.278343 1.000000
0.151985 0.367092 1.000000
0.087376 0.456326 1.000000
0.013805 0.538362 1.000000
0.081747 0.572237 1.000000
0.190395 0.553849 1.000000
0.298895 0.534599 1.000000
0.407805 0.518036 1.000000
0.517471 0.507731 1.000000
0.627648 0.505865 1.000000
0.737600 0.513195 1.000000
0.846468 0.529908 1.000000
0.954177 0.553051 1.000000
1.059131 0.586445 1.000000
1.017723 0.539928 0.000000
0.933715 0.468612 0.000000
0.849707 0.397295 0.000000
0.765699 0.325979 0.000000
0.681691 0.254663 0.000000
0.603962 0.231937 2.000000
0.586777 0.340469 2.000000
0.586110 0.450656 2.000000
0.583471 0.560813 2.000000
0.583316 0.671007 2.000000
0.580168 0.781159 2.000000
0.584749 0.891231 2.000000
0.601653 1.000000 2.000000
