4
1
30
0.325153 0.000000 1.000000
0.255044 0.085690 1.000000
0.186957 0.172991 1.000000
0.125991 0.265371 1.000000
0.071151 0.361491 1.000000
0.026654 0.462723 1.000000
0.002551 0.570331 1.000000
0.038128 0.669069 1.000000
0.141775 0.702454 1.000000
0.251964 0.694738 1.000000
0.359074 0.667357 1.000000
0.461684 0.626148 1.000000
0.559829 0.575022 1.000000
0.652947 0.515216 1.000000
0.742315 0.449935 1.000000
0.827072 0.378722 1.000000
0.906463 0.301608 1.000000
0.976108 0.217350 0.000000
0.876987 0.168023 0.000000
0.777866 0.118695 0.000000
0.678746 0.069367 0.000000
0.626100 0.130363 2.000000
0.593909 0.236289 2.000000
0.567733 0.343831 2.000000
0.544253 0.452025 2.000000
0.523836 0.560842 2.000000
0.505094 0.669952 2.000000
0.489369 0.779541 2.000000
0.476362 0.889479 2.000000
0.470859 1.000000 2.000000
