4
1
30
0.502857 0.000000 1.000000
0.435900 0.081658 1.000000
0.374951 0.167974 1.000000
0.307787 0.249468 1.000000
0.235446 0.326458 1.000000
0.159451 0.399855 1.000000
0.079023 0.468390 1.000000
0.048843 0.545714 1.000000
0.154176 0.539193 1.000000
0.259142 0.527380 1.000000
0.364411 0.518969 1.000000
0.469348 0.506850 1.000000
0.574777 0.499671 1.000000
0.680363 0.497143 1.000000
0.785959 0.493395 1.000000
0.891502 0.488571 1.000000
0.976990 0.463033 0.000000
0.928132 0.369333 0.000000
0.879274 0.275633 0.000000
0.830416 0.181933 0.000000
0.781558 0.088233 0.000000
0.757497 0.162648 2.000000
0.740666 0.266966 2.000000
0.728409 0.371887 2.000000
0.718123 0.477054 2.000000
0.710412 0.582416 2.000000
0.704338 0.687914 2.000000
0.702857 0.793544 2.000000
0.705353 0.899013 2.000000
0.734286 1.000000 2.000000
