4
1
30
0.095439 0.211993 1.000000
0.040359 0.278194 1.000000
0.006531 0.356630 1.000000
0.005458 0.441957 1.000000
0.056422 0.508292 1.000000
0.139348 0.528630 1.000000
0.225524 0.530405 1.000000
0.311739 0.530405 1.000000
0.397939 0.531499 1.000000
0.483917 0.537553 1.000000
0.569499 0.547887 1.000000
0.599856 0.507724 0.000000
0.582947 0.423183 0.000000
0.566039 0.338642 0.000000
0.549131 0.254101 0.000000
0.532223 0.169561 0.000000
0.515315 0.085020 0.000000
0.498407 0.000479 0.000000
0.468248 0.080119 2.000000
0.443742 0.162777 2.000000
0.418312 0.245152 2.000000
0.394574 0.328033 2.000000
0.370510 0.410818 2.000000
0.348019 0.494048 2.000000
0.325894 0.577375 2.000000
0.305212 0.661071 2.000000
0.286311 0.745187 2.000000
0.269839 0.829798 2.000000
0.256005 0.914895 2.000000
0.242399 1.000000 2.000000
