4
1
30
0.523026 0.000000 1.000000
0.428653 0.067454 1.000000
0.344010 0.147853 1.000000
0.247751 0.214363 1.000000
0.156016 0.286791 1.000000
0.058620 0.351529 1.000000
0.041594 0.428954 1.000000
0.157842 0.434211 1.000000
0.274933 0.434211 1.000000
0.392024 0.434211 1.000000
0.508740 0.440057 1.000000
0.624767 0.455780 1.000000
0.740630 0.472690 1.000000
0.857291 0.478618 1.000000
0.942994 0.464679 0.000000
0.864483 0.377809 0.000000
0.785972 0.290940 0.000000
0.707461 0.204070 0.000000
0.628950 0.117201 0.000000
0.550439 0.030331 0.000000
0.446959 0.000867 2.000000
0.389803 0.085186 2.000000
0.389803 0.202277 2.000000
0.389803 0.319368 2.000000
0.389803 0.436459 2.000000
0.393433 0.553337 2.000000
0.409223 0.669240 2.000000
0.438084 0.782710 2.000000
0.472825 0.894418 2.000000
0.523026 1.000000 2.000000
