4
1
30
0.301397 0.000000 1.000000
0.224264 0.050501 1.000000
0.166762 0.127480 1.000000
0.110661 0.205499 1.000000
0.057178 0.285326 1.000000
0.014396 0.371081 1.000000
0.037577 0.452913 1.000000
0.131206 0.473695 1.000000
0.226733 0.484103 1.000000
0.322404 0.493228 1.000000
0.418105 0.502032 1.000000
0.513471 0.513785 1.000000
0.609020 0.524047 1.000000
0.704483 0.535109 1.000000
0.788552 0.530059 0.000000
0.741436 0.446296 0.000000
0.694319 0.362533 0.000000
0.647203 0.278771 0.000000
0.600086 0.195008 0.000000
0.547726 0.117175 2.000000
0.471509 0.144728 2.000000
0.441843 0.235497 2.000000
0.428255 0.330582 2.000000
0.420327 0.426340 2.000000
0.416513 0.522338 2.000000
0.415170 0.618429 2.000000
0.415208 0.714532 2.000000
0.421136 0.810454 2.000000
0.431817 0.905929 2.000000
0.451098 1.000000 2.000000
