4
1
30
0.293199 0.080101 1.000000
0.337858 0.030591 1.000000
0.299299 0.146272 1.000000
0.253922 0.259447 1.000000
0.203037 0.370288 1.000000
0.147516 0.478855 1.000000
0.081033 0.581039 1.000000
0.004534 0.673981 1.000000
0.122526 0.664321 1.000000
0.244134 0.654988 1.000000
0.365834 0.646895 1.000000
0.487691 0.645958 1.000000
0.609412 0.653720 1.000000
0.731059 0.662454 1.000000
0.852130 0.676668 1.000000
0.972774 0.693194 1.000000
0.916455 0.585048 0.000000
0.860103 0.476878 0.000000
0.803751 0.368707 0.000000
0.747399 0.260537 0.000000
0.691047 0.152366 0.000000
0.616250 0.093027 2.000000
0.571186 0.203334 2.000000
0.553541 0.323917 2.000000
0.542233 0.445336 2.000000
0.542233 0.567305 2.000000
0.549641 0.688862 2.000000
0.570898 0.808557 2.000000
0.620023 0.919412 2.000000
0.706801 1.000000 2.000000
