4
1
30
0.363116 0.000000 1.000000
0.290072 0.045266 1.000000
0.218543 0.092852 1.000000
0.155573 0.150724 1.000000
0.101902 0.217834 1.000000
0.055795 0.290161 1.000000
0.018011 0.367294 1.000000
0.013649 0.445694 1.000000
0.094219 0.475176 1.000000
0.178979 0.484536 1.000000
0.264911 0.484536 1.000000
0.350844 0.484536 1.000000
0.436776 0.484536 1.000000
0.522494 0.488037 1.000000
0.607784 0.498527 1.000000
0.692990 0.509647 1.000000
0.778596 0.514318 1.000000
0.748369 0.446999 0.000000
0.705648 0.372438 0.000000
0.660666 0.300493 2.000000
0.582044 0.266012 2.000000
0.544101 0.315355 2.000000
0.544101 0.401288 2.000000
0.544101 0.487220 2.000000
0.544101 0.573153 2.000000
0.544101 0.659085 2.000000
0.544101 0.745018 2.000000
0.549564 0.830604 2.000000
0.562375 0.915557 2.000000
0.575029 1.000000 2.000000
