4
1
30
0.474138 0.017905 1.000000
0.378121 0.030683 1.000000
0.298307 0.100232 1.000000
0.219024 0.170363 1.000000
0.139903 0.240513 1.000000
0.062979 0.313031 1.000000
0.021138 0.384993 1.000000
0.126857 0.385942 1.000000
0.232725 0.385942 1.000000
0.338593 0.385942 1.000000
0.444262 0.392019 1.000000
0.549722 0.400687 1.000000
0.654847 0.412752 1.000000
0.760294 0.422163 1.000000
0.865021 0.436019 1.000000
0.904997 0.430248 0.000000
0.830063 0.355462 0.000000
0.755128 0.280677 0.000000
0.680194 0.205892 0.000000
0.605260 0.131106 0.000000
0.537561 0.074687 2.000000
0.527188 0.179599 2.000000
0.527830 0.285447 2.000000
0.534231 0.391121 2.000000
0.542046 0.496663 2.000000
0.554991 0.601733 2.000000
0.573140 0.705948 2.000000
0.597813 0.808887 2.000000
0.631022 0.909350 2.000000
0.685013 1.000000 2.000000
