4
1
30
0.061976 0.061976 1.000000
0.036738 0.052789 1.000000
0.029283 0.131577 1.000000
0.020069 0.210196 1.000000
0.010640 0.288791 1.000000
0.002509 0.367490 1.000000
0.000179 0.446593 1.000000
0.013213 0.524671 1.000000
0.042869 0.597785 1.000000
0.096878 0.654636 1.000000
0.172674 0.675295 1.000000
0.251256 0.666528 1.000000
0.327988 0.648048 1.000000
0.401750 0.620294 1.000000
0.467846 0.578377 1.000000
0.498060 0.512893 0.000000
0.453690 0.447338 0.000000
0.409319 0.381784 0.000000
0.364949 0.316230 0.000000
0.320579 0.250676 0.000000
0.273851 0.296335 2.000000
0.257911 0.373810 2.000000
0.246087 0.452043 2.000000
0.236649 0.530637 2.000000
0.228354 0.609355 2.000000
0.220762 0.688149 2.000000
0.214581 0.767059 2.000000
0.209454 0.846040 2.000000
0.209454 0.925198 2.000000
0.221217 1.000000 2.000000
