4
1
30
0.085428 0.110993 1.000000
0.075038 0.020204 1.000000
0.071791 0.087786 1.000000
0.062342 0.178692 1.000000
0.046272 0.268578 1.000000
0.028802 0.358284 1.000000
0.015439 0.448559 1.000000
0.017506 0.539137 1.000000
0.052833 0.621619 1.000000
0.125425 0.673431 1.000000
0.209871 0.707943 1.000000
0.297667 0.732349 1.000000
0.387650 0.745400 1.000000
0.477537 0.733042 1.000000
0.558310 0.692293 1.000000
0.547063 0.622784 0.000000
0.497086 0.546263 0.000000
0.447110 0.469742 0.000000
0.397134 0.393220 0.000000
0.347157 0.316699 0.000000
0.306228 0.237072 2.000000
0.301805 0.269640 2.000000
0.308470 0.360790 2.000000
0.313002 0.452060 2.000000
0.316396 0.543392 2.000000
0.317914 0.634775 2.000000
0.318902 0.726156 2.000000
0.316922 0.817530 2.000000
0.318401 0.908888 2.000000
0.324883 1.000000 2.000000
