4
0
30
0.173607 0.000000 1.000000
0.159871 0.048186 1.000000
0.141083 0.096218 1.000000
0.122661 0.144392 1.000000
0.106365 0.193319 1.000000
0.090371 0.242353 1.000000
0.073962 0.291250 1.000000
0.057380 0.340088 1.000000
0.041580 0.389156 1.000000
0.029070 0.439193 1.000000
0.016561 0.489230 1.000000
0.013701 0.540700 1.000000
0.013454 0.592024 1.000000
0.024263 0.642455 1.000000
0.047716 0.688143 1.000000
0.092019 0.704906 1.000000
0.137171 0.682501 1.000000
0.174334 0.647140 1.000000
0.206902 0.607221 1.000000
0.235544 0.564416 1.000000
0.225730 0.558412 1.000000
0.198890 0.602329 1.000000
0.176510 0.648797 1.000000
0.159738 0.697458 1.000000
0.144950 0.746859 1.000000
0.133524 0.797154 1.000000
0.122310 0.847488 1.000000
0.115015 0.898546 1.000000
0.108942 0.949747 1.000000
0.118051 0.985981 1.000000
