4
1
30
0.045321 0.108996 1.000000
0.039278 0.020396 1.000000
0.048078 0.090583 1.000000
0.039541 0.179088 1.000000
0.028621 0.267330 1.000000
0.018470 0.355662 1.000000
0.009104 0.444070 1.000000
0.011319 0.532958 1.000000
0.025046 0.620402 1.000000
0.062734 0.697482 1.000000
0.134033 0.746454 1.000000
0.218905 0.768110 1.000000
0.307512 0.760703 1.000000
0.395217 0.747113 1.000000
0.481687 0.727286 1.000000
0.561090 0.687374 1.000000
0.568747 0.615994 0.000000
0.524421 0.538915 0.000000
0.480094 0.461835 0.000000
0.435767 0.384756 0.000000
0.391441 0.307677 0.000000
0.320626 0.293119 2.000000
0.298449 0.378493 2.000000
0.289318 0.466892 2.000000
0.284053 0.555620 2.000000
0.282035 0.644513 2.000000
0.283480 0.733402 2.000000
0.285996 0.822282 2.000000
0.289598 0.911121 2.000000
0.290959 1.000000 2.000000
