4
1
30
0.051331 0.017039 1.000000
0.051506 0.087733 1.000000
0.039406 0.160235 1.000000
0.028592 0.232960 1.000000
0.016843 0.305529 1.000000
0.007196 0.378261 1.000000
0.017127 0.450143 1.000000
0.074495 0.492100 1.000000
0.146213 0.507447 1.000000
0.219324 0.514075 1.000000
0.292715 0.513378 1.000000
0.365729 0.505389 1.000000
0.436926 0.487018 1.000000
0.504932 0.459352 1.000000
0.569548 0.424643 1.000000
0.580191 0.388392 0.000000
0.514424 0.355508 0.000000
0.448658 0.322625 0.000000
0.382891 0.289742 0.000000
0.320590 0.271540 2.000000
0.300808 0.342038 2.000000
0.287667 0.414371 2.000000
0.276098 0.486976 2.000000
0.270010 0.560253 2.000000
0.264381 0.633560 2.000000
0.260975 0.707010 2.000000
0.261450 0.780437 2.000000
0.266184 0.853808 2.000000
0.273295 0.926990 2.000000
0.282002 1.000000 2.000000
