4
1
30
0.279763 0.000000 1.000000
0.240882 0.033738 1.000000
0.209232 0.074573 1.000000
0.180825 0.117872 1.000000
0.158132 0.164354 1.000000
0.136288 0.211307 1.000000
0.115514 0.258739 1.000000
0.095126 0.306343 1.000000
0.075979 0.354423 1.000000
0.059291 0.403447 1.000000
0.042675 0.452495 1.000000
0.026708 0.501758 1.000000
0.013073 0.551609 1.000000
0.010144 0.602559 1.000000
0.052819 0.624294 1.000000
0.103847 0.632495 1.000000
0.155551 0.634071 1.000000
0.204558 0.619581 1.000000
0.230783 0.581506 0.000000
0.229092 0.531040 2.000000
0.195393 0.563723 2.000000
0.171358 0.609552 2.000000
0.151609 0.657358 2.000000
0.138146 0.707007 2.000000
0.132967 0.758534 2.000000
0.126598 0.809927 2.000000
0.120559 0.861358 2.000000
0.112640 0.912418 2.000000
0.101108 0.962866 2.000000
0.125850 1.000000 2.000000
