4
1
30
0.248126 0.014993 1.000000
0.207066 0.100834 1.000000
0.163394 0.195514 1.000000
0.115704 0.288298 1.000000
0.071464 0.382792 1.000000
0.031465 0.479146 1.000000
0.006264 0.579956 1.000000
0.075180 0.636826 1.000000
0.178094 0.653415 1.000000
0.282102 0.661688 1.000000
0.386246 0.660438 1.000000
0.490446 0.655112 1.000000
0.593782 0.641253 1.000000
0.696934 0.625568 1.000000
0.798337 0.601171 1.000000
0.877005 0.571800 0.000000
0.790922 0.512844 0.000000
0.704839 0.453888 0.000000
0.618756 0.394932 0.000000
0.532672 0.335975 0.000000
0.446589 0.277019 0.000000
0.360506 0.218063 0.000000
0.344666 0.280301 2.000000
0.356361 0.383979 2.000000
0.370576 0.487328 2.000000
0.386347 0.590466 2.000000
0.402973 0.693459 2.000000
0.424240 0.795605 2.000000
0.444773 0.897902 2.000000
0.466267 1.000000 2.000000
