4
1
30
0.223643 0.000000 1.000000
0.209054 0.075820 1.000000
0.181461 0.156567 1.000000
0.153322 0.237106 1.000000
0.121122 0.316129 1.000000
0.088155 0.394832 1.000000
0.054412 0.473206 1.000000
0.021649 0.551962 1.000000
0.031608 0.621091 1.000000
0.116392 0.628940 1.000000
0.201280 0.620302 1.000000
0.285363 0.605758 1.000000
0.368826 0.588143 1.000000
0.452150 0.569787 1.000000
0.535825 0.553089 1.000000
0.617469 0.529043 1.000000
0.612192 0.469712 0.000000
0.555813 0.405659 0.000000
0.499434 0.341606 0.000000
0.443055 0.277552 0.000000
0.411064 0.249368 2.000000
0.417680 0.334316 2.000000
0.411888 0.419053 2.000000
0.397145 0.503069 2.000000
0.375154 0.585517 2.000000
0.352819 0.667873 2.000000
0.330134 0.750134 2.000000
0.320010 0.834810 2.000000
0.328699 0.919164 2.000000
0.355304 1.000000 2.000000
