4
1
30
0.211872 0.016899 1.000000
0.186367 0.083405 1.000000
0.154343 0.170924 1.000000
0.118023 0.256759 1.000000
0.080677 0.342180 1.000000
0.044217 0.427985 1.000000
0.013577 0.516024 1.000000
0.008074 0.608491 1.000000
0.086656 0.644521 1.000000
0.179799 0.645833 1.000000
0.272545 0.636351 1.000000
0.364547 0.621821 1.000000
0.456091 0.604169 1.000000
0.544490 0.574951 1.000000
0.630059 0.538839 1.000000
0.709697 0.490765 1.000000
0.769537 0.422852 0.000000
0.685103 0.383321 0.000000
0.600669 0.343790 0.000000
0.516235 0.304259 0.000000
0.431802 0.264729 0.000000
0.366129 0.264717 2.000000
0.361710 0.357670 2.000000
0.360436 0.450883 2.000000
0.357354 0.544057 2.000000
0.352609 0.637150 2.000000
0.340277 0.729560 2.000000
0.323115 0.821132 2.000000
0.300124 0.911361 2.000000
0.271229 1.000000 2.000000
