4
1
30
0.175004 0.020917 1.000000
0.154369 0.073098 1.000000
0.126133 0.152297 1.000000
0.095303 0.230528 1.000000
0.063185 0.308239 1.000000
0.032501 0.386520 1.000000
0.005144 0.465736 1.000000
0.044141 0.536331 1.000000
0.121373 0.565732 1.000000
0.204940 0.571146 1.000000
0.288905 0.569474 1.000000
0.372103 0.557281 1.000000
0.455276 0.544940 1.000000
0.537765 0.528627 1.000000
0.620255 0.512315 1.000000
0.632665 0.480940 0.000000
0.564164 0.432174 0.000000
0.495662 0.383409 0.000000
0.427160 0.334643 0.000000
0.358658 0.285877 0.000000
0.303802 0.257524 2.000000
0.317142 0.340461 2.000000
0.325654 0.424116 2.000000
0.334081 0.507775 2.000000
0.339986 0.591654 2.000000
0.343534 0.675636 2.000000
0.344931 0.759711 2.000000
0.345128 0.843796 2.000000
0.353873 0.927097 2.000000
0.391668 1.000000 2.000000
