4
1
30
0.239516 0.365169 1.000000
0.224474 0.445913 1.000000
0.207601 0.526315 1.000000
0.198933 0.608007 1.000000
0.191644 0.689830 1.000000
0.185432 0.771742 1.000000
0.183887 0.853881 1.000000
0.180266 0.935946 1.000000
0.179346 0.958132 0.000000
0.178849 0.875980 0.000000
0.178353 0.793828 0.000000
0.177856 0.711676 0.000000
0.177360 0.629524 0.000000
0.176864 0.547372 0.000000
0.176367 0.465220 0.000000
0.175871 0.383068 0.000000
0.175374 0.300916 0.000000
0.174878 0.218764 0.000000
0.174382 0.136612 0.000000
0.173885 0.054460 0.000000
0.157267 0.022395 2.000000
0.111806 0.090664 2.000000
0.073553 0.163216 2.000000
0.045495 0.240430 2.000000
0.024351 0.319693 2.000000
0.011374 0.400420 2.000000
0.012929 0.482227 2.000000
0.044241 0.555948 2.000000
0.121301 0.568140 2.000000
0.191613 0.526936 2.000000
