4
1
30
0.235294 0.028930 1.000000
0.155651 0.026933 1.000000
0.098365 0.106729 1.000000
0.055502 0.195295 1.000000
0.023066 0.288218 1.000000
0.005498 0.385033 1.000000
0.005209 0.483278 1.000000
0.035168 0.575875 1.000000
0.114700 0.629738 1.000000
0.212338 0.635137 1.000000
0.308331 0.613879 1.000000
0.400291 0.578909 1.000000
0.488270 0.534783 1.000000
0.569240 0.478906 1.000000
0.637302 0.408066 1.000000
0.639128 0.321082 0.000000
0.602822 0.229539 0.000000
0.566515 0.137996 0.000000
0.530209 0.046452 0.000000
0.453265 0.080253 2.000000
0.392297 0.157288 2.000000
0.342705 0.242314 2.000000
0.301214 0.331583 2.000000
0.265770 0.423433 2.000000
0.234979 0.516956 2.000000
0.208709 0.611848 2.000000
0.188001 0.708106 2.000000
0.174179 0.805560 2.000000
0.170824 0.903908 2.000000
0.189971 1.000000 2.000000
