4
0
30
0.341641 0.000000 1.000000
0.319172 0.062261 1.000000
0.302338 0.126280 1.000000
0.285476 0.190292 1.000000
0.268566 0.254292 1.000000
0.251188 0.318141 1.000000
0.227496 0.379952 1.000000
0.203803 0.441762 1.000000
0.179355 0.503269 1.000000
0.153633 0.564263 1.000000
0.127910 0.625257 1.000000
0.101059 0.685747 1.000000
0.072868 0.745641 1.000000
0.045073 0.805703 1.000000
0.021157 0.867428 1.000000
0.050201 0.889130 1.000000
0.108153 0.857754 1.000000
0.164003 0.822221 1.000000
0.215823 0.781030 1.000000
0.267642 0.739840 1.000000
0.320947 0.700599 1.000000
0.374401 0.661553 1.000000
0.428245 0.623047 1.000000
0.422771 0.638605 1.000000
0.384606 0.692501 1.000000
0.352161 0.750201 1.000000
0.327026 0.811275 1.000000
0.305348 0.873650 1.000000
0.300809 0.939690 1.000000
0.325026 1.000000 1.000000
