4
0
30
0.123083 0.000000 1.000000
0.132357 0.076433 1.000000
0.124119 0.153762 1.000000
0.109493 0.230170 1.000000
0.092968 0.306168 1.000000
0.074705 0.381789 1.000000
0.057222 0.457591 1.000000
0.040365 0.533538 1.000000
0.023808 0.609551 1.000000
0.007961 0.685713 1.000000
0.045270 0.631249 1.000000
0.115850 0.599415 1.000000
0.188938 0.572779 1.000000
0.260745 0.542973 1.000000
0.330048 0.508047 1.000000
0.394474 0.464441 1.000000
0.448380 0.408362 1.000000
0.490822 0.343440 1.000000
0.496699 0.300577 1.000000
0.484352 0.377321 1.000000
0.470246 0.453827 1.000000
0.455638 0.530231 1.000000
0.438884 0.606201 1.000000
0.422492 0.682246 1.000000
0.407509 0.758586 1.000000
0.394405 0.835220 1.000000
0.385235 0.912473 1.000000
0.390813 0.988956 1.000000
0.384632 0.920484 1.000000
0.361388 0.846242 1.000000
