4
0
30
0.319987 0.006646 1.000000
0.319987 0.072593 1.000000
0.315284 0.138351 1.000000
0.309984 0.204085 1.000000
0.298535 0.268952 1.000000
0.285462 0.333590 1.000000
0.272390 0.398229 1.000000
0.251042 0.460406 1.000000
0.226661 0.521681 1.000000
0.202279 0.582955 1.000000
0.174869 0.642768 1.000000
0.142064 0.699977 1.000000
0.109260 0.757186 1.000000
0.074768 0.813351 1.000000
0.038188 0.868223 1.000000
0.072103 0.864960 1.000000
0.129956 0.833595 1.000000
0.189467 0.805180 1.000000
0.249456 0.777788 1.000000
0.309458 0.750424 1.000000
0.370381 0.725193 1.000000
0.431451 0.700305 1.000000
0.489985 0.669995 1.000000
0.507824 0.663012 1.000000
0.466665 0.713279 1.000000
0.440460 0.773579 1.000000
0.421925 0.836788 1.000000
0.416597 0.902519 1.000000
0.417748 0.968378 1.000000
0.473318 0.993188 1.000000
