4
1
30
0.124995 0.000000 1.000000
0.111850 0.070644 1.000000
0.096525 0.140813 1.000000
0.079094 0.210523 1.000000
0.063382 0.280631 1.000000
0.048477 0.350924 1.000000
0.033964 0.421298 1.000000
0.020097 0.491804 1.000000
0.009434 0.562654 1.000000
0.007998 0.634496 1.000000
0.016656 0.705239 1.000000
0.052540 0.764005 1.000000
0.120235 0.772822 1.000000
0.190203 0.759171 1.000000
0.259063 0.738637 1.000000
0.325297 0.711406 1.000000
0.389765 0.679668 1.000000
0.453791 0.647135 1.000000
0.514767 0.609119 1.000000
0.575743 0.571102 1.000000
0.555238 0.531861 0.000000
0.495432 0.492029 0.000000
0.446508 0.499239 2.000000
0.435663 0.570152 2.000000
0.431783 0.641904 2.000000
0.426683 0.713578 2.000000
0.420585 0.785170 2.000000
0.414025 0.856713 2.000000
0.411850 0.928537 2.000000
0.419113 1.000000 2.000000
