4
1
30
0.182555 0.008109 1.000000
0.167947 0.071333 1.000000
0.150587 0.139331 1.000000
0.130517 0.206646 1.000000
0.108971 0.273495 1.000000
0.086759 0.340133 1.000000
0.064783 0.406850 1.000000
0.043005 0.473631 1.000000
0.023990 0.541228 1.000000
0.010542 0.609941 1.000000
0.021127 0.674642 1.000000
0.087495 0.693800 1.000000
0.157593 0.698308 1.000000
0.227564 0.692273 1.000000
0.296971 0.682822 1.000000
0.364958 0.665164 1.000000
0.431626 0.643753 1.000000
0.495715 0.615001 1.000000
0.536813 0.573311 0.000000
0.528127 0.503607 0.000000
0.519441 0.433903 0.000000
0.508022 0.445097 2.000000
0.494335 0.513992 2.000000
0.480162 0.582791 2.000000
0.465989 0.651589 2.000000
0.453647 0.720732 2.000000
0.444071 0.790273 2.000000
0.439758 0.860269 2.000000
0.442760 0.930412 2.000000
0.452334 1.000000 2.000000
