4
0
30
0.124034 0.031105 1.000000
0.108179 0.065153 1.000000
0.106696 0.124637 1.000000
0.101955 0.183870 1.000000
0.094341 0.242883 1.000000
0.086727 0.301896 1.000000
0.077544 0.360681 1.000000
0.068009 0.419414 1.000000
0.058474 0.478148 1.000000
0.048353 0.536780 1.000000
0.037773 0.595334 1.000000
0.027193 0.653888 1.000000
0.017950 0.712643 1.000000
0.010852 0.771721 1.000000
0.005152 0.830882 1.000000
0.006520 0.889315 1.000000
0.041010 0.848309 1.000000
0.067632 0.795094 1.000000
0.093568 0.741542 1.000000
0.119059 0.687779 1.000000
0.143976 0.633746 1.000000
0.165299 0.579462 1.000000
0.148950 0.636674 1.000000
0.137060 0.694914 1.000000
0.128886 0.753727 1.000000
0.127404 0.813211 1.000000
0.130760 0.872390 1.000000
0.139992 0.931116 1.000000
0.169246 0.982669 1.000000
0.224884 1.000000 1.000000
