4
1
30
0.116501 0.000000 1.000000
0.072012 0.073250 1.000000
0.042771 0.153972 1.000000
0.023633 0.237590 1.000000
0.009973 0.322222 1.000000
0.011924 0.408149 1.000000
0.024997 0.492274 1.000000
0.050271 0.574422 1.000000
0.100619 0.643719 1.000000
0.165647 0.697185 1.000000
0.242433 0.733938 1.000000
0.327328 0.747360 1.000000
0.412716 0.744862 1.000000
0.487891 0.725215 0.000000
0.504769 0.640940 0.000000
0.521647 0.556664 0.000000
0.538525 0.472389 0.000000
0.555402 0.388113 0.000000
0.572280 0.303838 0.000000
0.589158 0.219563 0.000000
0.582480 0.273320 2.000000
0.569173 0.358233 2.000000
0.555323 0.443058 2.000000
0.542385 0.528001 2.000000
0.534338 0.613572 2.000000
0.527829 0.699198 2.000000
0.529869 0.785122 2.000000
0.541895 0.869777 2.000000
0.574570 0.947352 2.000000
0.640673 1.000000 2.000000
