4
1
30
0.109920 0.000000 1.000000
0.079715 0.064601 1.000000
0.055374 0.131673 1.000000
0.034873 0.200050 1.000000
0.022061 0.270134 1.000000
0.012890 0.340871 1.000000
0.010257 0.412207 1.000000
0.028043 0.480964 1.000000
0.059456 0.544193 1.000000
0.102706 0.600254 1.000000
0.158250 0.645094 1.000000
0.223738 0.667807 1.000000
0.293828 0.672198 1.000000
0.362958 0.654401 1.000000
0.392600 0.597645 0.000000
0.409462 0.528281 0.000000
0.426324 0.458917 0.000000
0.443187 0.389553 0.000000
0.460049 0.320189 0.000000
0.466358 0.309640 2.000000
0.456494 0.380329 2.000000
0.446828 0.451041 2.000000
0.438967 0.521991 2.000000
0.435475 0.593232 2.000000
0.433858 0.664598 2.000000
0.438610 0.735667 2.000000
0.446867 0.806572 2.000000
0.463618 0.875632 2.000000
0.487588 0.942515 2.000000
0.529910 1.000000 2.000000
