4
1
30
0.070798 0.000000 1.000000
0.051396 0.076266 1.000000
0.037024 0.154021 1.000000
0.024945 0.232130 1.000000
0.015324 0.310615 1.000000
0.010871 0.389466 1.000000
0.009355 0.468524 1.000000
0.020353 0.546388 1.000000
0.036798 0.623732 1.000000
0.069592 0.695464 1.000000
0.117679 0.755104 1.000000
0.187322 0.786205 1.000000
0.266256 0.790229 1.000000
0.345033 0.783401 1.000000
0.404069 0.753853 0.000000
0.421828 0.676800 0.000000
0.439587 0.599748 0.000000
0.457345 0.522695 0.000000
0.475104 0.445642 0.000000
0.492863 0.368589 0.000000
0.502122 0.346041 2.000000
0.491180 0.424199 2.000000
0.474888 0.501576 2.000000
0.456792 0.578550 2.000000
0.438941 0.655574 2.000000
0.425942 0.733571 2.000000
0.417505 0.811754 2.000000
0.424108 0.890551 2.000000
0.465555 0.956555 2.000000
0.531098 1.000000 2.000000
