4
1
30
0.000000 0.040946 1.000000
0.009322 0.052101 1.000000
0.022613 0.110816 1.000000
0.033388 0.170059 1.000000
0.042591 0.229520 1.000000
0.048300 0.289464 1.000000
0.054010 0.349408 1.000000
0.053064 0.409586 1.000000
0.051597 0.469784 1.000000
0.053121 0.529932 1.000000
0.056553 0.590049 1.000000
0.068046 0.648824 1.000000
0.088316 0.704550 1.000000
0.130790 0.745982 1.000000
0.189343 0.750769 1.000000
0.237250 0.722914 0.000000
0.249870 0.664036 0.000000
0.262489 0.605158 0.000000
0.275109 0.546280 0.000000
0.287729 0.487402 0.000000
0.286864 0.468164 2.000000
0.261568 0.522712 2.000000
0.252053 0.582171 2.000000
0.250745 0.642008 2.000000
0.254752 0.702090 2.000000
0.265516 0.761295 2.000000
0.276559 0.820479 2.000000
0.284791 0.880129 2.000000
0.291314 0.939962 2.000000
0.295931 1.000000 2.000000
