4
1
30
0.823529 0.000000 1.000000
0.730590 0.077061 1.000000
0.636578 0.152800 1.000000
0.541572 0.227299 1.000000
0.444938 0.299661 1.000000
0.345601 0.368234 1.000000
0.242958 0.431765 1.000000
0.138336 0.492015 1.000000
0.035400 0.554929 1.000000
0.077549 0.615357 1.000000
0.197789 0.625525 1.000000
0.318311 0.632440 1.000000
0.438937 0.637491 1.000000
0.559555 0.642751 1.000000
0.680100 0.649402 1.000000
0.800493 0.658398 1.000000
0.921000 0.665664 1.000000
1.041686 0.668004 1.000000
1.063324 0.607475 0.000000
1.006802 0.500790 0.000000
0.950281 0.394106 0.000000
0.893759 0.287421 0.000000
0.788253 0.273821 2.000000
0.694250 0.345225 2.000000
0.630964 0.447793 2.000000
0.581480 0.557836 2.000000
0.541726 0.671780 2.000000
0.516099 0.789645 2.000000
0.515789 0.909497 2.000000
0.585561 1.000000 2.000000
