4
1
30
0.610719 0.389502 1.000000
0.585307 0.495219 1.000000
0.577191 0.603805 1.000000
0.582287 0.712418 1.000000
0.603654 0.818379 1.000000
0.655582 0.911361 1.000000
0.745077 0.971084 1.000000
0.821711 0.985812 0.000000
0.757961 0.897356 0.000000
0.694210 0.808899 0.000000
0.630460 0.720443 0.000000
0.566709 0.631987 0.000000
0.502959 0.543531 0.000000
0.439208 0.455074 0.000000
0.375458 0.366618 0.000000
0.311707 0.278162 0.000000
0.247957 0.189706 0.000000
0.184206 0.101249 0.000000
0.122061 0.011971 2.000000
0.091988 0.105922 2.000000
0.062215 0.210786 2.000000
0.033963 0.315817 2.000000
0.017886 0.423660 2.000000
0.024871 0.532445 2.000000
0.054883 0.636490 2.000000
0.116740 0.723623 2.000000
0.209511 0.778274 2.000000
0.314964 0.798311 2.000000
0.423329 0.795350 2.000000
0.531098 0.778783 2.000000
