4
1
30
0.093559 0.035121 1.000000
0.077327 0.051241 1.000000
0.070201 0.126101 1.000000
0.060477 0.200675 1.000000
0.049131 0.275029 1.000000
0.038075 0.349426 1.000000
0.027125 0.423839 1.000000
0.016299 0.498270 1.000000
0.007544 0.572964 1.000000
0.019390 0.645113 1.000000
0.084607 0.676381 1.000000
0.159602 0.678374 1.000000
0.234531 0.672095 1.000000
0.309030 0.661906 1.000000
0.382674 0.646813 1.000000
0.454434 0.624375 1.000000
0.428655 0.572969 0.000000
0.380504 0.515188 0.000000
0.332352 0.457406 0.000000
0.284201 0.399625 0.000000
0.236050 0.341844 0.000000
0.218024 0.406760 2.000000
0.213085 0.481770 2.000000
0.200935 0.555997 2.000000
0.187389 0.629975 2.000000
0.172599 0.703710 2.000000
0.154990 0.776834 2.000000
0.143822 0.851104 2.000000
0.140343 0.926117 2.000000
0.152040 1.000000 2.000000
