4
1
30
0.028256 0.035276 1.000000
0.059458 0.042041 1.000000
0.063443 0.118572 1.000000
0.065354 0.195232 1.000000
0.056823 0.271248 1.000000
0.044919 0.346996 1.000000
0.031821 0.422552 1.000000
0.015697 0.497514 1.000000
0.007894 0.573497 1.000000
0.018998 0.648326 1.000000
0.086331 0.670110 1.000000
0.162478 0.661101 1.000000
0.238404 0.650405 1.000000
0.313992 0.637493 1.000000
0.389363 0.623372 1.000000
0.464781 0.609506 1.000000
0.450861 0.563103 0.000000
0.402064 0.503950 0.000000
0.353268 0.444797 0.000000
0.304471 0.385643 0.000000
0.255674 0.326490 0.000000
0.221154 0.388113 2.000000
0.212170 0.464238 2.000000
0.205704 0.540645 2.000000
0.200759 0.617152 2.000000
0.197764 0.693776 2.000000
0.194667 0.770396 2.000000
0.193879 0.847004 2.000000
0.198102 0.923567 2.000000
0.204282 1.000000 2.000000
