4
1
30
0.065320 0.019710 1.000000
0.082415 0.059540 1.000000
0.084742 0.133399 1.000000
0.077609 0.206866 1.000000
0.068106 0.280149 1.000000
0.056963 0.353210 1.000000
0.043034 0.425752 1.000000
0.027264 0.497955 1.000000
0.013110 0.570493 1.000000
0.012237 0.643304 1.000000
0.067828 0.680961 1.000000
0.141486 0.686261 1.000000
0.215176 0.680627 1.000000
0.288395 0.670734 1.000000
0.360415 0.654701 1.000000
0.431251 0.633698 1.000000
0.454449 0.592692 0.000000
0.417777 0.528526 0.000000
0.381106 0.464360 0.000000
0.344434 0.400194 0.000000
0.304930 0.354676 2.000000
0.263204 0.414135 2.000000
0.243189 0.484887 2.000000
0.230886 0.557675 2.000000
0.222126 0.631059 2.000000
0.216213 0.704728 2.000000
0.211730 0.778486 2.000000
0.209556 0.852330 2.000000
0.211582 0.926207 2.000000
0.215670 1.000000 2.000000
