4
1
30
0.064730 0.007172 1.000000
0.065773 0.087148 1.000000
0.064020 0.172847 1.000000
0.055858 0.258257 1.000000
0.044070 0.343280 1.000000
0.030912 0.428103 1.000000
0.018358 0.513017 1.000000
0.012917 0.598551 1.000000
0.025501 0.682671 1.000000
0.084122 0.740149 1.000000
0.169099 0.749385 1.000000
0.254715 0.743309 1.000000
0.337898 0.722127 1.000000
0.419966 0.697229 1.000000
0.500758 0.668353 1.000000
0.578300 0.631539 1.000000
0.652488 0.588466 1.000000
0.608478 0.530592 0.000000
0.547001 0.470687 0.000000
0.485525 0.410781 0.000000
0.424048 0.350876 0.000000
0.360071 0.321690 2.000000
0.335354 0.403109 2.000000
0.319479 0.487458 2.000000
0.306275 0.572274 2.000000
0.295490 0.657427 2.000000
0.286756 0.742801 2.000000
0.280359 0.828385 2.000000
0.278272 0.914197 2.000000
0.280617 1.000000 2.000000
