4
1
30
0.339223 0.047703 1.000000
0.291504 0.139810 1.000000
0.233611 0.225833 1.000000
0.172820 0.309873 1.000000
0.110461 0.392764 1.000000
0.048949 0.476257 1.000000
0.015612 0.545463 1.000000
0.117962 0.561493 1.000000
0.220653 0.575750 1.000000
0.324056 0.583277 1.000000
0.427679 0.587990 1.000000
0.531229 0.594159 1.000000
0.634720 0.601200 1.000000
0.719491 0.596759 0.000000
0.682422 0.499875 0.000000
0.645353 0.402990 0.000000
0.608285 0.306105 0.000000
0.571216 0.209220 0.000000
0.534147 0.112336 0.000000
0.497078 0.015451 0.000000
0.475729 0.085813 2.000000
0.466684 0.189010 2.000000
0.463802 0.292625 2.000000
0.466297 0.396329 2.000000
0.473237 0.499792 2.000000
0.481991 0.603156 2.000000
0.499367 0.705409 2.000000
0.521871 0.806494 2.000000
0.552725 0.905453 2.000000
0.595406 1.000000 2.000000
