4
1
30
0.030773 0.000000 1.000000
0.023991 0.069285 1.000000
0.022786 0.143274 1.000000
0.017643 0.217127 1.000000
0.010462 0.290806 1.000000
0.004025 0.364551 1.000000
0.002014 0.438330 1.000000
0.016411 0.510278 1.000000
0.057536 0.570446 1.000000
0.124188 0.600244 1.000000
0.197835 0.604590 1.000000
0.270441 0.594097 1.000000
0.341526 0.574191 1.000000
0.407313 0.540240 1.000000
0.468750 0.499647 1.000000
0.526153 0.452898 1.000000
0.476053 0.408643 0.000000
0.416543 0.364607 0.000000
0.357032 0.320571 0.000000
0.297522 0.276535 0.000000
0.261445 0.338503 2.000000
0.239860 0.409180 2.000000
0.228410 0.482320 2.000000
0.223167 0.556033 2.000000
0.221177 0.630036 2.000000
0.221177 0.704067 2.000000
0.221177 0.778099 2.000000
0.221177 0.852130 2.000000
0.218606 0.926088 2.000000
0.214395 1.000000 2.000000
