4
1
30
0.175819 0.018689 1.000000
0.125239 0.038584 1.000000
0.134623 0.118010 1.000000
0.129918 0.198240 1.000000
0.111420 0.276359 1.000000
0.090258 0.353808 1.000000
0.062033 0.429058 1.000000
0.034129 0.504425 1.000000
0.013774 0.581418 1.000000
0.064637 0.624652 1.000000
0.144816 0.629360 1.000000
0.225158 0.627307 1.000000
0.303725 0.612987 1.000000
0.381279 0.591958 1.000000
0.455892 0.562091 1.000000
0.525524 0.522981 1.000000
0.589060 0.473927 1.000000
0.556730 0.418059 0.000000
0.499901 0.361230 0.000000
0.443072 0.304401 0.000000
0.388226 0.291387 2.000000
0.351020 0.362030 2.000000
0.328525 0.439123 2.000000
0.321001 0.519043 2.000000
0.315776 0.599231 2.000000
0.311775 0.679500 2.000000
0.306125 0.759669 2.000000
0.299800 0.839783 2.000000
0.292548 0.919821 2.000000
0.287033 1.000000 2.000000
