4
1
30
0.408931 0.000000 1.000000
0.337643 0.061757 1.000000
0.264713 0.121563 1.000000
0.193105 0.182900 1.000000
0.128167 0.251176 1.000000
0.070325 0.325609 1.000000
0.023003 0.406992 1.000000
0.012018 0.496845 1.000000
0.099296 0.520758 1.000000
0.193118 0.511167 1.000000
0.286934 0.501466 1.000000
0.380860 0.492896 1.000000
0.474936 0.486253 1.000000
0.569088 0.480669 1.000000
0.663267 0.475795 1.000000
0.757196 0.468146 1.000000
0.806365 0.416302 0.000000
0.728982 0.362379 0.000000
0.651599 0.308456 0.000000
0.574216 0.254533 0.000000
0.487347 0.221220 2.000000
0.419227 0.276448 2.000000
0.378406 0.361353 2.000000
0.345580 0.449759 2.000000
0.316534 0.539481 2.000000
0.291263 0.630328 2.000000
0.271554 0.722526 2.000000
0.257293 0.815740 2.000000
0.252895 0.909817 2.000000
0.276146 1.000000 2.000000
