4
0
30
0.017339 0.060902 1.000000
0.034677 0.037754 1.000000
0.031287 0.127439 1.000000
0.026032 0.217047 1.000000
0.017755 0.306427 1.000000
0.010704 0.395906 1.000000
0.005780 0.485498 1.000000
0.007649 0.575084 1.000000
0.041248 0.655412 1.000000
0.128593 0.662315 1.000000
0.216291 0.643628 1.000000
0.304606 0.627683 1.000000
0.392757 0.610785 1.000000
0.480410 0.591554 1.000000
0.564200 0.561836 1.000000
0.630442 0.504513 1.000000
0.667359 0.423799 1.000000
0.687276 0.336555 1.000000
0.695187 0.247271 1.000000
0.684008 0.158978 1.000000
0.684151 0.211634 1.000000
0.686946 0.301353 1.000000
0.685074 0.391092 1.000000
0.681827 0.480789 1.000000
0.677001 0.570413 1.000000
0.669711 0.659879 1.000000
0.666794 0.749589 1.000000
0.670156 0.839214 1.000000
0.701347 0.923278 1.000000
0.747941 1.000000 1.000000
