4
0
30
0.000000 0.042450 1.000000
0.011523 0.051063 1.000000
0.014676 0.113950 1.000000
0.020407 0.176662 1.000000
0.029148 0.238979 1.000000
0.039751 0.301052 1.000000
0.057718 0.361249 1.000000
0.078112 0.420828 1.000000
0.109377 0.475423 1.000000
0.148281 0.523846 1.000000
0.198929 0.558963 1.000000
0.260753 0.570503 1.000000
0.321846 0.555230 1.000000
0.376572 0.527103 1.000000
0.425750 0.487769 1.000000
0.465478 0.439324 1.000000
0.501663 0.388045 1.000000
0.522260 0.328536 1.000000
0.510074 0.310057 1.000000
0.496816 0.371548 1.000000
0.487991 0.433887 1.000000
0.482476 0.496618 1.000000
0.478304 0.559442 1.000000
0.475087 0.622332 1.000000
0.474551 0.685291 1.000000
0.474495 0.748263 1.000000
0.473068 0.811219 1.000000
0.471556 0.874173 1.000000
0.468830 0.937087 1.000000
0.466103 1.000000 1.000000
