4
1
30
0.161998 0.111279 1.000000
0.182829 0.126113 1.000000
0.131448 0.200086 1.000000
0.082507 0.275691 1.000000
0.036465 0.353091 1.000000
0.003280 0.435967 1.000000
0.072873 0.468983 1.000000
0.162660 0.461980 1.000000
0.252107 0.451426 1.000000
0.341469 0.440172 1.000000
0.430851 0.429075 1.000000
0.520213 0.417816 1.000000
0.609556 0.406498 1.000000
0.653628 0.360997 0.000000
0.602328 0.286964 0.000000
0.551028 0.212931 0.000000
0.499729 0.138898 0.000000
0.448429 0.064865 0.000000
0.405200 0.011019 2.000000
0.418291 0.099964 2.000000
0.418575 0.189991 2.000000
0.415184 0.279997 2.000000
0.411147 0.369973 2.000000
0.408640 0.460008 2.000000
0.406687 0.550055 2.000000
0.405637 0.640118 2.000000
0.404419 0.730180 2.000000
0.404076 0.820243 2.000000
0.405061 0.910304 2.000000
0.411809 1.000000 2.000000
