4
1
30
0.550959 0.063572 1.000000
0.461738 0.007473 1.000000
0.389810 0.079520 1.000000
0.329676 0.166593 1.000000
0.267272 0.252053 1.000000
0.203134 0.336222 1.000000
0.136790 0.418667 1.000000
0.070461 0.501115 1.000000
0.011507 0.588821 1.000000
0.064781 0.646485 1.000000
0.170380 0.640782 1.000000
0.275781 0.631324 1.000000
0.381204 0.622111 1.000000
0.486575 0.612312 1.000000
0.592081 0.604093 1.000000
0.697694 0.597595 1.000000
0.803450 0.594349 1.000000
0.781177 0.514570 0.000000
0.734501 0.419594 0.000000
0.687826 0.324618 0.000000
0.641150 0.229641 0.000000
0.572201 0.207093 2.000000
0.514452 0.293934 2.000000
0.476748 0.392775 2.000000
0.443495 0.493237 2.000000
0.412857 0.594516 2.000000
0.386576 0.697002 2.000000
0.366768 0.800917 2.000000
0.363430 0.906334 2.000000
0.405651 1.000000 2.000000
