4
1
30
0.575962 0.000000 1.000000
0.511315 0.081360 1.000000
0.437076 0.154308 1.000000
0.363353 0.227798 1.000000
0.290293 0.301952 1.000000
0.217334 0.376205 1.000000
0.145005 0.451072 1.000000
0.074952 0.528031 1.000000
0.014878 0.611182 1.000000
0.105443 0.625766 1.000000
0.209130 0.616612 1.000000
0.312508 0.604418 1.000000
0.415644 0.590298 1.000000
0.518555 0.574630 1.000000
0.621309 0.557954 1.000000
0.723684 0.539143 1.000000
0.820578 0.508650 1.000000
0.745669 0.442201 0.000000
0.670521 0.370165 0.000000
0.595373 0.298128 0.000000
0.520225 0.226091 0.000000
0.449239 0.171721 2.000000
0.428981 0.273446 2.000000
0.420215 0.377151 2.000000
0.416492 0.481172 2.000000
0.416316 0.585264 2.000000
0.419455 0.689311 2.000000
0.425440 0.793226 2.000000
0.434606 0.896910 2.000000
0.449038 1.000000 2.000000
