4
1
30
0.103539 0.000000 1.000000
0.045098 0.035864 1.000000
0.011996 0.095527 1.000000
0.001899 0.163131 1.000000
0.009590 0.231281 1.000000
0.032599 0.295599 1.000000
0.073607 0.350213 1.000000
0.130073 0.388841 1.000000
0.196562 0.405672 1.000000
0.265244 0.406412 1.000000
0.333392 0.397154 1.000000
0.396194 0.380402 0.000000
0.379159 0.313755 0.000000
0.362124 0.247108 0.000000
0.345088 0.180460 0.000000
0.328053 0.113813 0.000000
0.300171 0.132021 2.000000
0.266921 0.192242 2.000000
0.238521 0.254896 2.000000
0.214089 0.319065 2.000000
0.194378 0.384935 2.000000
0.179642 0.452128 2.000000
0.168902 0.520015 2.000000
0.160148 0.588245 2.000000
0.156361 0.656926 2.000000
0.153025 0.725622 2.000000
0.155403 0.794371 2.000000
0.157916 0.863111 2.000000
0.164803 0.931556 2.000000
0.171691 1.000000 2.000000
