4
1
30
0.545038 0.082443 1.000000
0.479046 0.165783 1.000000
0.395611 0.232312 1.000000
0.307126 0.291997 1.000000
0.214468 0.344852 1.000000
0.120867 0.396141 1.000000
0.029993 0.451948 1.000000
0.060673 0.533802 1.000000
0.158520 0.575283 1.000000
0.262375 0.599379 1.000000
0.368527 0.610488 1.000000
0.475190 0.612785 1.000000
0.581706 0.607867 1.000000
0.687638 0.595450 1.000000
0.731256 0.541724 0.000000
0.696559 0.440789 0.000000
0.661863 0.339853 0.000000
0.627166 0.238918 0.000000
0.592470 0.137982 0.000000
0.557773 0.037047 0.000000
0.577653 0.059055 2.000000
0.616793 0.158268 2.000000
0.649418 0.259845 2.000000
0.674185 0.363664 2.000000
0.694303 0.468419 2.000000
0.710898 0.573819 2.000000
0.717598 0.680341 2.000000
0.719138 0.786960 2.000000
0.715216 0.893594 2.000000
0.706870 1.000000 2.000000
