4
1
30
0.683642 0.037037 1.000000
0.604495 0.105185 1.000000
0.518715 0.164574 1.000000
0.429428 0.218877 1.000000
0.338156 0.269797 1.000000
0.244974 0.316965 1.000000
0.150123 0.360859 1.000000
0.056255 0.406780 1.000000
0.054185 0.465065 1.000000
0.156460 0.484510 1.000000
0.260641 0.492066 1.000000
0.365088 0.494196 1.000000
0.469536 0.491525 1.000000
0.573639 0.482244 1.000000
0.677041 0.467207 1.000000
0.686428 0.401022 0.000000
0.642369 0.306247 0.000000
0.598310 0.211472 0.000000
0.554251 0.116698 0.000000
0.510192 0.021923 0.000000
0.469753 0.073739 2.000000
0.456288 0.177201 2.000000
0.450711 0.281560 2.000000
0.452255 0.385964 2.000000
0.457867 0.490313 2.000000
0.466715 0.594453 2.000000
0.480990 0.697934 2.000000
0.499805 0.800659 2.000000
0.525777 0.901863 2.000000
0.561728 1.000000 2.000000
