4
1
30
0.514764 0.133858 1.000000
0.440325 0.196916 1.000000
0.361017 0.253806 1.000000
0.280092 0.308378 1.000000
0.197896 0.361010 1.000000
0.118609 0.417766 1.000000
0.043603 0.480140 1.000000
0.037434 0.557582 1.000000
0.132209 0.578769 1.000000
0.229518 0.585864 1.000000
0.327074 0.587927 1.000000
0.424618 0.585406 1.000000
0.521880 0.577735 1.000000
0.553148 0.522391 0.000000
0.527425 0.428235 0.000000
0.501702 0.334079 0.000000
0.475979 0.239923 0.000000
0.450256 0.145767 0.000000
0.424533 0.051611 0.000000
0.406793 0.043940 2.000000
0.391800 0.140363 2.000000
0.376071 0.236692 2.000000
0.363874 0.333522 2.000000
0.357886 0.430872 2.000000
0.358291 0.528382 2.000000
0.365293 0.625669 2.000000
0.379786 0.722194 2.000000
0.400056 0.817671 2.000000
0.429274 0.910755 2.000000
0.468504 1.000000 2.000000
