4
1
30
0.225634 0.000000 1.000000
0.172437 0.096000 1.000000
0.120802 0.192842 1.000000
0.076149 0.293000 1.000000
0.036774 0.395429 1.000000
0.008135 0.501193 1.000000
0.017672 0.604372 1.000000
0.124300 0.625713 1.000000
0.233732 0.633656 1.000000
0.343387 0.638042 1.000000
0.453112 0.640409 1.000000
0.562866 0.640409 1.000000
0.672590 0.638387 1.000000
0.782274 0.634616 1.000000
0.891883 0.628986 1.000000
1.001024 0.617749 1.000000
0.994712 0.549895 0.000000
0.933546 0.458765 0.000000
0.872381 0.367635 0.000000
0.811216 0.276505 0.000000
0.749314 0.185882 2.000000
0.658853 0.150539 2.000000
0.597299 0.238842 2.000000
0.572998 0.345639 2.000000
0.562067 0.454780 2.000000
0.560910 0.564418 2.000000
0.569127 0.673841 2.000000
0.581682 0.782863 2.000000
0.588714 0.892353 2.000000
0.568758 1.000000 2.000000
