4
1
30
0.171303 0.364568 1.000000
0.099719 0.436564 1.000000
0.051899 0.526898 1.000000
0.014888 0.622124 1.000000
0.003774 0.722851 1.000000
0.075302 0.782181 1.000000
0.177412 0.784755 1.000000
0.279649 0.781853 1.000000
0.381922 0.781838 1.000000
0.483992 0.787672 1.000000
0.585601 0.799214 1.000000
0.609357 0.753783 0.000000
0.571728 0.658674 0.000000
0.534098 0.563564 0.000000
0.496469 0.468454 0.000000
0.458839 0.373345 0.000000
0.421209 0.278235 0.000000
0.383580 0.183125 0.000000
0.345950 0.088016 0.000000
0.306680 0.006199 2.000000
0.259597 0.096309 2.000000
0.233953 0.195199 2.000000
0.222133 0.296737 2.000000
0.218850 0.398922 2.000000
0.221939 0.501123 2.000000
0.230619 0.603004 2.000000
0.244609 0.704299 2.000000
0.263593 0.804788 2.000000
0.291148 0.903257 2.000000
0.324305 1.000000 2.000000
