4
1
30
0.545821 0.000000 1.000000
0.497895 0.111270 1.000000
0.434959 0.214927 1.000000
0.363632 0.313119 1.000000
0.286918 0.407122 1.000000
0.205579 0.497211 1.000000
0.120454 0.583716 1.000000
0.031281 0.666091 1.000000
0.082835 0.709409 1.000000
0.204122 0.713347 1.000000
0.325323 0.708046 1.000000
0.445678 0.692499 1.000000
0.564734 0.668899 1.000000
0.682358 0.638855 1.000000
0.800136 0.609444 1.000000
0.919188 0.586097 1.000000
0.881194 0.512714 0.000000
0.798574 0.423765 0.000000
0.715954 0.334815 0.000000
0.633333 0.245866 0.000000
0.550713 0.156917 0.000000
0.468093 0.067967 0.000000
0.476713 0.165342 2.000000
0.496817 0.285066 2.000000
0.516972 0.404782 2.000000
0.533475 0.525047 2.000000
0.547295 0.645652 2.000000
0.554660 0.766777 2.000000
0.555220 0.888166 2.000000
0.593152 1.000000 2.000000
