4
1
30
0.039809 0.054140 1.000000
0.002442 0.116849 1.000000
0.018306 0.195138 1.000000
0.052043 0.267575 1.000000
0.099517 0.331797 1.000000
0.161329 0.381890 1.000000
0.235120 0.412184 1.000000
0.314453 0.421979 1.000000
0.394043 0.413932 1.000000
0.471231 0.393097 1.000000
0.544655 0.361257 1.000000
0.613976 0.321183 1.000000
0.575303 0.261406 0.000000
0.524337 0.199563 0.000000
0.473371 0.137721 0.000000
0.422405 0.075878 0.000000
0.371439 0.014035 0.000000
0.331320 0.054978 2.000000
0.298390 0.127858 2.000000
0.271746 0.203374 2.000000
0.256029 0.281955 2.000000
0.242577 0.360935 2.000000
0.230535 0.440162 2.000000
0.222295 0.519869 2.000000
0.215005 0.599656 2.000000
0.211731 0.679727 2.000000
0.210227 0.759817 2.000000
0.211768 0.839940 2.000000
0.215229 0.919990 2.000000
0.219745 1.000000 2.000000
