4
1
30
0.197577 0.000000 1.000000
0.142103 0.076874 1.000000
0.101944 0.163802 1.000000
0.067287 0.253066 1.000000
0.035521 0.343406 1.000000
0.009127 0.435405 1.000000
0.011039 0.529021 1.000000
0.092834 0.573903 1.000000
0.186711 0.592567 1.000000
0.281906 0.602921 1.000000
0.377455 0.609392 1.000000
0.473161 0.611328 1.000000
0.568923 0.610127 1.000000
0.576880 0.552151 0.000000
0.538392 0.464453 0.000000
0.499905 0.376756 0.000000
0.461418 0.289058 0.000000
0.422931 0.201360 0.000000
0.384444 0.113662 0.000000
0.334087 0.069768 2.000000
0.301905 0.158651 2.000000
0.290262 0.253676 2.000000
0.282900 0.349145 2.000000
0.278915 0.444828 2.000000
0.277105 0.540575 2.000000
0.278262 0.636317 2.000000
0.284186 0.731879 2.000000
0.296817 0.826734 2.000000
0.320336 0.919439 2.000000
0.369991 1.000000 2.000000
