4
1
30
0.123059 0.000000 1.000000
0.056743 0.073218 1.000000
0.014313 0.161948 1.000000
0.000827 0.259597 1.000000
0.005436 0.358345 1.000000
0.014967 0.456796 1.000000
0.033015 0.553754 1.000000
0.106179 0.612655 1.000000
0.204576 0.618388 1.000000
0.303309 0.612626 1.000000
0.401803 0.603513 1.000000
0.500201 0.593393 1.000000
0.598334 0.581020 1.000000
0.695915 0.564915 1.000000
0.655573 0.482455 0.000000
0.607143 0.396205 0.000000
0.558714 0.309954 0.000000
0.510284 0.223704 0.000000
0.461855 0.137453 0.000000
0.377146 0.100427 2.000000
0.282389 0.122844 2.000000
0.255460 0.213835 2.000000
0.267703 0.311915 2.000000
0.281999 0.409788 2.000000
0.295993 0.507710 2.000000
0.307055 0.605996 2.000000
0.315674 0.704531 2.000000
0.323394 0.803146 2.000000
0.332161 0.901667 2.000000
0.342891 1.000000 2.000000
