4
1
30
0.076616 0.030646 1.000000
0.054330 0.063473 1.000000
0.035067 0.150707 1.000000
0.016964 0.238181 1.000000
0.003815 0.326498 1.000000
0.007133 0.415280 1.000000
0.048936 0.492690 1.000000
0.122375 0.542510 1.000000
0.206442 0.572197 1.000000
0.293952 0.589947 1.000000
0.382877 0.598157 1.000000
0.472155 0.599541 1.000000
0.560808 0.590280 1.000000
0.611654 0.539513 0.000000
0.580660 0.455726 0.000000
0.549667 0.371939 0.000000
0.518674 0.288152 0.000000
0.487680 0.204365 0.000000
0.447626 0.128826 2.000000
0.374709 0.159578 2.000000
0.334678 0.238843 2.000000
0.313195 0.325503 2.000000
0.295896 0.413144 2.000000
0.279891 0.501034 2.000000
0.266111 0.589301 2.000000
0.254468 0.677865 2.000000
0.245518 0.766745 2.000000
0.239776 0.855878 2.000000
0.242212 0.945115 2.000000
0.291139 0.976016 2.000000
