4
1
30
0.156190 0.043810 1.000000
0.088472 0.045456 1.000000
0.045709 0.138068 1.000000
0.019073 0.237359 1.000000
0.005096 0.339137 1.000000
0.010916 0.441228 1.000000
0.059226 0.530066 1.000000
0.150674 0.574876 1.000000
0.252067 0.590095 1.000000
0.354825 0.589991 1.000000
0.457301 0.581811 1.000000
0.558685 0.565487 1.000000
0.657808 0.538495 1.000000
0.751336 0.496417 1.000000
0.827759 0.429266 1.000000
0.873923 0.338040 1.000000
0.848851 0.238506 0.000000
0.823175 0.138933 0.000000
0.797499 0.039360 0.000000
0.709044 0.024789 2.000000
0.648715 0.106143 2.000000
0.611312 0.201844 2.000000
0.582438 0.300420 2.000000
0.561423 0.401042 2.000000
0.545339 0.502596 2.000000
0.534793 0.604884 2.000000
0.530430 0.707592 2.000000
0.533772 0.810288 2.000000
0.549735 0.911697 2.000000
0.600000 1.000000 2.000000
