4
1
30
0.007576 0.012311 1.000000
0.027112 0.090433 1.000000
0.017091 0.185011 1.000000
0.009316 0.279814 1.000000
0.004804 0.374810 1.000000
0.004973 0.469913 1.000000
0.022307 0.563163 1.000000
0.088570 0.626631 1.000000
0.181953 0.643456 1.000000
0.276856 0.649774 1.000000
0.371939 0.650722 1.000000
0.466625 0.643359 1.000000
0.559672 0.624432 1.000000
0.634799 0.583500 0.000000
0.581214 0.504909 0.000000
0.527628 0.426317 0.000000
0.474043 0.347725 0.000000
0.420458 0.269134 0.000000
0.366873 0.190542 0.000000
0.310744 0.113950 2.000000
0.253624 0.156309 2.000000
0.241801 0.250508 2.000000
0.238597 0.345566 2.000000
0.238359 0.440687 2.000000
0.241506 0.535744 2.000000
0.247064 0.630681 2.000000
0.257052 0.725234 2.000000
0.272091 0.819144 2.000000
0.292726 0.911937 2.000000
0.327652 1.000000 2.000000
