4
1
30
0.127869 0.001639 1.000000
0.052109 0.003329 1.000000
0.002466 0.050838 1.000000
0.008932 0.126397 1.000000
0.024300 0.200876 1.000000
0.046779 0.273519 1.000000
0.075538 0.343836 1.000000
0.113271 0.409738 1.000000
0.163150 0.466812 1.000000
0.225397 0.510062 1.000000
0.296075 0.537367 1.000000
0.371114 0.548801 1.000000
0.445820 0.539864 1.000000
0.480674 0.478348 1.000000
0.467803 0.404236 0.000000
0.442609 0.332464 0.000000
0.417414 0.260691 0.000000
0.392220 0.188918 0.000000
0.345248 0.174767 2.000000
0.313745 0.243342 2.000000
0.297095 0.317531 2.000000
0.284904 0.392608 2.000000
0.275927 0.468143 2.000000
0.269762 0.543948 2.000000
0.265444 0.619889 2.000000
0.262615 0.695900 2.000000
0.261116 0.771949 2.000000
0.259283 0.847993 2.000000
0.256599 0.924012 2.000000
0.253279 1.000000 2.000000
