4
1
30
0.103015 0.211055 1.000000
0.064111 0.292576 1.000000
0.026790 0.374721 1.000000
0.005275 0.462289 1.000000
0.016503 0.550290 1.000000
0.086211 0.604845 1.000000
0.173343 0.627778 1.000000
0.263214 0.637769 1.000000
0.353560 0.641122 1.000000
0.443892 0.638676 1.000000
0.531388 0.618581 1.000000
0.586638 0.555274 0.000000
0.566683 0.467041 0.000000
0.546728 0.378809 0.000000
0.526773 0.290576 0.000000
0.506818 0.202344 0.000000
0.486863 0.114111 0.000000
0.466908 0.025879 0.000000
0.421002 0.047459 2.000000
0.394339 0.133892 2.000000
0.369913 0.220991 2.000000
0.348259 0.308822 2.000000
0.326778 0.396696 2.000000
0.308794 0.485346 2.000000
0.294116 0.574594 2.000000
0.283810 0.664428 2.000000
0.278229 0.754682 2.000000
0.281958 0.844862 2.000000
0.303004 0.932312 2.000000
0.361809 1.000000 2.000000
