4
1
30
0.545213 0.000000 1.000000
0.495211 0.099324 1.000000
0.437817 0.194282 1.000000
0.367509 0.280166 1.000000
0.287373 0.357156 1.000000
0.196778 0.421660 1.000000
0.102966 0.481336 1.000000
0.010053 0.541935 1.000000
0.082718 0.596437 1.000000
0.190880 0.621316 1.000000
0.301924 0.627443 1.000000
0.413096 0.624962 1.000000
0.523790 0.615249 1.000000
0.634162 0.601655 1.000000
0.744597 0.589520 1.000000
0.855622 0.589758 1.000000
0.886634 0.552524 0.000000
0.825773 0.459443 0.000000
0.764912 0.366361 0.000000
0.704051 0.273279 0.000000
0.643190 0.180198 0.000000
0.606807 0.139850 2.000000
0.641771 0.245401 2.000000
0.676689 0.350990 2.000000
0.709952 0.457038 2.000000
0.735306 0.565314 2.000000
0.755613 0.674657 2.000000
0.773510 0.784418 2.000000
0.795604 0.893381 2.000000
0.827128 1.000000 2.000000
