4
1
30
0.288858 0.000000 1.000000
0.201479 0.064325 1.000000
0.129971 0.145735 1.000000
0.082042 0.243337 1.000000
0.039060 0.343194 1.000000
0.007265 0.446966 1.000000
0.011748 0.554847 1.000000
0.087786 0.617255 1.000000
0.196329 0.615065 1.000000
0.304353 0.602614 1.000000
0.412192 0.588606 1.000000
0.520061 0.574836 1.000000
0.628090 0.562405 1.000000
0.736292 0.551582 1.000000
0.844614 0.542000 1.000000
0.953124 0.535160 1.000000
0.934175 0.478861 0.000000
0.843656 0.418596 0.000000
0.753137 0.358331 0.000000
0.662618 0.298067 0.000000
0.572099 0.237802 0.000000
0.481580 0.177538 0.000000
0.406469 0.243397 2.000000
0.389858 0.350725 2.000000
0.379846 0.459001 2.000000
0.373552 0.567554 2.000000
0.372028 0.676280 2.000000
0.374235 0.784994 2.000000
0.383720 0.893302 2.000000
0.401651 1.000000 2.000000
