4
1
30
0.068035 0.032397 1.000000
0.111095 0.070556 1.000000
0.093510 0.171153 1.000000
0.072296 0.271065 1.000000
0.048742 0.370452 1.000000
0.024721 0.469729 1.000000
0.005404 0.569952 1.000000
0.013996 0.669575 1.000000
0.104104 0.704577 1.000000
0.204585 0.686478 1.000000
0.303679 0.661790 1.000000
0.401799 0.633444 1.000000
0.499352 0.603170 1.000000
0.596744 0.572392 1.000000
0.694936 0.544300 1.000000
0.789190 0.507463 1.000000
0.744074 0.424224 0.000000
0.687518 0.339168 0.000000
0.630961 0.254113 0.000000
0.574405 0.169057 0.000000
0.519334 0.089263 2.000000
0.516568 0.191364 2.000000
0.511367 0.293373 2.000000
0.502533 0.395114 2.000000
0.496221 0.497061 2.000000
0.490336 0.599024 2.000000
0.487130 0.701116 2.000000
0.486125 0.803196 2.000000
0.495487 0.904806 2.000000
0.529158 1.000000 2.000000
