4
1
30
0.087149 0.007386 1.000000
0.052970 0.101414 1.000000
0.026993 0.198084 1.000000
0.007905 0.296307 1.000000
0.005767 0.396032 1.000000
0.054925 0.479471 1.000000
0.146898 0.516470 1.000000
0.246361 0.520140 1.000000
0.345749 0.508037 1.000000
0.444668 0.492489 1.000000
0.543259 0.474995 1.000000
0.641724 0.456781 1.000000
0.740227 0.438764 1.000000
0.836390 0.412038 1.000000
0.812896 0.339033 0.000000
0.751458 0.259959 0.000000
0.690021 0.180884 0.000000
0.628584 0.101809 0.000000
0.567147 0.022735 0.000000
0.504316 0.053540 2.000000
0.481463 0.150859 2.000000
0.470450 0.250325 2.000000
0.468038 0.350432 2.000000
0.468410 0.450563 2.000000
0.472135 0.550597 2.000000
0.480041 0.650366 2.000000
0.496636 0.749011 2.000000
0.525537 0.844682 2.000000
0.570840 0.933538 2.000000
0.644018 1.000000 2.000000
