4
1
30
0.087420 0.000000 1.000000
0.032444 0.080812 1.000000
0.005356 0.174241 1.000000
0.007470 0.271935 1.000000
0.029595 0.367216 1.000000
0.086049 0.444711 1.000000
0.177543 0.475713 1.000000
0.275373 0.477633 1.000000
0.372087 0.461579 1.000000
0.467787 0.440198 1.000000
0.562404 0.414529 1.000000
0.656496 0.386892 1.000000
0.750241 0.358116 1.000000
0.843110 0.326659 1.000000
0.933832 0.289510 1.000000
0.951863 0.247721 0.000000
0.863167 0.205883 0.000000
0.774471 0.164045 0.000000
0.685774 0.122207 0.000000
0.591838 0.107789 2.000000
0.503907 0.144566 2.000000
0.463102 0.232888 2.000000
0.437356 0.327494 2.000000
0.414629 0.422891 2.000000
0.393457 0.518640 2.000000
0.373956 0.614749 2.000000
0.355210 0.711008 2.000000
0.339915 0.807877 2.000000
0.321944 0.904280 2.000000
0.300640 1.000000 2.000000
