4
1
30
0.135569 0.074344 1.000000
0.052922 0.061824 1.000000
0.010327 0.135159 1.000000
0.005302 0.222941 1.000000
0.024452 0.308794 1.000000
0.066708 0.385776 1.000000
0.135119 0.439832 1.000000
0.218401 0.468925 1.000000
0.305588 0.483315 1.000000
0.393830 0.487462 1.000000
0.481841 0.481609 1.000000
0.567969 0.462535 1.000000
0.647381 0.424325 1.000000
0.653325 0.350156 0.000000
0.631180 0.264608 0.000000
0.609035 0.179061 0.000000
0.586890 0.093514 0.000000
0.564744 0.007966 0.000000
0.509908 0.059662 2.000000
0.472474 0.139426 2.000000
0.443070 0.222744 2.000000
0.417952 0.307467 2.000000
0.397431 0.393412 2.000000
0.377897 0.479585 2.000000
0.360126 0.566147 2.000000
0.344434 0.653094 2.000000
0.330052 0.740283 2.000000
0.320900 0.828174 2.000000
0.318689 0.916396 2.000000
0.344023 1.000000 2.000000
