4
1
30
0.146101 0.068887 1.000000
0.119016 0.027002 1.000000
0.081930 0.116955 1.000000
0.053988 0.210281 1.000000
0.030102 0.304709 1.000000
0.011927 0.400408 1.000000
0.003880 0.497390 1.000000
0.016531 0.593561 1.000000
0.059739 0.679633 1.000000
0.134428 0.741247 1.000000
0.225692 0.774093 1.000000
0.322086 0.786684 1.000000
0.419230 0.780704 1.000000
0.513624 0.757939 1.000000
0.594041 0.705539 1.000000
0.626203 0.615724 1.000000
0.598738 0.522650 0.000000
0.569442 0.429723 0.000000
0.540146 0.336796 0.000000
0.510851 0.243869 0.000000
0.471249 0.165827 2.000000
0.411525 0.231292 2.000000
0.389450 0.326136 2.000000
0.374283 0.422360 2.000000
0.366047 0.519414 2.000000
0.360903 0.616702 2.000000
0.358836 0.714089 2.000000
0.361787 0.811403 2.000000
0.375398 0.907702 2.000000
0.405753 1.000000 2.000000
