4
1
30
0.094451 0.094451 1.000000
0.088474 0.086260 1.000000
0.062738 0.172453 1.000000
0.040613 0.259449 1.000000
0.025814 0.348349 1.000000
0.010626 0.437011 1.000000
0.059958 0.496162 1.000000
0.147781 0.482693 1.000000
0.231946 0.451484 1.000000
0.313365 0.412888 1.000000
0.395395 0.375598 1.000000
0.476935 0.337389 1.000000
0.561476 0.306183 1.000000
0.648238 0.282449 1.000000
0.605679 0.214474 0.000000
0.551823 0.142211 0.000000
0.497967 0.069949 0.000000
0.433673 0.010232 2.000000
0.389106 0.076507 2.000000
0.375674 0.165604 2.000000
0.365472 0.255148 2.000000
0.357001 0.344873 2.000000
0.344327 0.434048 2.000000
0.331416 0.523181 2.000000
0.324049 0.613004 2.000000
0.316112 0.702778 2.000000
0.312869 0.792758 2.000000
0.319810 0.882399 2.000000
0.358560 0.961581 2.000000
0.438017 1.000000 2.000000
