4
1
30
0.186158 0.081146 1.000000
0.104767 0.137080 1.000000
0.062166 0.231281 1.000000
0.032266 0.330443 1.000000
0.011414 0.431900 1.000000
0.000796 0.534904 1.000000
0.055276 0.598674 1.000000
0.158514 0.607623 1.000000
0.261849 0.615411 1.000000
0.365210 0.622855 1.000000
0.468517 0.631015 1.000000
0.571784 0.639678 1.000000
0.660793 0.625522 0.000000
0.655295 0.522038 0.000000
0.649796 0.418554 0.000000
0.644298 0.315070 0.000000
0.638800 0.211586 0.000000
0.633302 0.108102 0.000000
0.627804 0.004619 0.000000
0.561587 0.069459 2.000000
0.519211 0.164026 2.000000
0.479275 0.259649 2.000000
0.440208 0.355632 2.000000
0.400659 0.451417 2.000000
0.362302 0.547687 2.000000
0.324454 0.644158 2.000000
0.288662 0.741408 2.000000
0.256697 0.839973 2.000000
0.232147 0.940497 2.000000
0.295943 0.992840 2.000000
