4
1
30
0.000000 0.180758 1.000000
0.028549 0.262695 1.000000
0.040942 0.350856 1.000000
0.049306 0.439494 1.000000
0.054572 0.528383 1.000000
0.059663 0.617248 1.000000
0.129004 0.639879 1.000000
0.217186 0.627624 1.000000
0.305701 0.617927 1.000000
0.394205 0.608126 1.000000
0.482665 0.597992 1.000000
0.570924 0.587167 1.000000
0.558004 0.503880 0.000000
0.539145 0.416853 0.000000
0.520285 0.329827 0.000000
0.501426 0.242801 0.000000
0.482566 0.155774 0.000000
0.463707 0.068748 0.000000
0.423947 0.027413 2.000000
0.405449 0.114290 2.000000
0.391067 0.202160 2.000000
0.378785 0.290352 2.000000
0.368052 0.378748 2.000000
0.357806 0.467203 2.000000
0.349005 0.555812 2.000000
0.340341 0.644436 2.000000
0.333364 0.733206 2.000000
0.326775 0.822006 2.000000
0.323501 0.910985 2.000000
0.325073 1.000000 2.000000
