4
1
30
0.036720 0.051408 1.000000
0.004186 0.129755 1.000000
0.001727 0.220261 1.000000
0.004981 0.310796 1.000000
0.012549 0.401086 1.000000
0.025966 0.490681 1.000000
0.068586 0.564963 1.000000
0.157404 0.554881 1.000000
0.246296 0.537325 1.000000
0.335681 0.522514 1.000000
0.425679 0.512230 1.000000
0.516067 0.506432 1.000000
0.606409 0.499856 1.000000
0.596883 0.423401 0.000000
0.572499 0.336130 0.000000
0.548114 0.248859 0.000000
0.523730 0.161588 0.000000
0.499345 0.074318 0.000000
0.474520 0.012822 2.000000
0.455669 0.101361 2.000000
0.441078 0.190792 2.000000
0.427509 0.280382 2.000000
0.413767 0.369945 2.000000
0.401159 0.459677 2.000000
0.389189 0.549493 2.000000
0.378448 0.639467 2.000000
0.368622 0.729545 2.000000
0.360392 0.819781 2.000000
0.353087 0.910091 2.000000
0.358629 1.000000 2.000000
