4
1
30
0.365805 0.053678 1.000000
0.261892 0.035785 1.000000
0.166123 0.066339 1.000000
0.113102 0.158978 1.000000
0.065949 0.254908 1.000000
0.029168 0.355112 1.000000
0.003803 0.458982 1.000000
0.017301 0.561333 1.000000
0.120232 0.578529 1.000000
0.226471 0.570104 1.000000
0.330745 0.547201 1.000000
0.433695 0.518328 1.000000
0.536866 0.490499 1.000000
0.642527 0.475149 1.000000
0.749449 0.475149 1.000000
0.856372 0.475149 1.000000
0.928604 0.464564 0.000000
0.839897 0.404868 0.000000
0.751191 0.345172 0.000000
0.662484 0.285477 0.000000
0.582120 0.215716 2.000000
0.489728 0.178401 2.000000
0.501493 0.284090 2.000000
0.521152 0.389176 2.000000
0.526839 0.495601 2.000000
0.537063 0.601836 2.000000
0.559234 0.706190 2.000000
0.589210 0.808803 2.000000
0.626911 0.908560 2.000000
0.681909 1.000000 2.000000
