4
1
30
0.271478 0.000000 1.000000
0.185866 0.043061 1.000000
0.128112 0.113373 1.000000
0.063641 0.183574 1.000000
0.031982 0.274025 1.000000
0.000000 0.364356 1.000000
0.000000 0.460188 1.000000
0.000000 0.556019 1.000000
0.005382 0.650925 1.000000
0.043341 0.737499 1.000000
0.117300 0.795321 1.000000
0.207948 0.809329 1.000000
0.298542 0.778083 1.000000
0.389853 0.749203 1.000000
0.482719 0.725549 1.000000
0.575787 0.702704 1.000000
0.668859 0.679875 1.000000
0.761173 0.654398 1.000000
0.797733 0.605724 0.000000
0.744343 0.526143 0.000000
0.690953 0.446562 0.000000
0.637564 0.366981 0.000000
0.558428 0.415150 2.000000
0.488642 0.480430 2.000000
0.453608 0.567137 2.000000
0.453608 0.662968 2.000000
0.453608 0.758800 2.000000
0.453608 0.854631 2.000000
0.472199 0.946000 2.000000
0.546392 1.000000 2.000000
