4
1
30
0.274969 0.029593 1.000000
0.254473 0.068397 1.000000
0.203863 0.149565 1.000000
0.155560 0.232128 1.000000
0.107467 0.314810 1.000000
0.061137 0.398494 1.000000
0.017713 0.483707 1.000000
0.048832 0.546434 1.000000
0.144348 0.549938 1.000000
0.240004 0.549938 1.000000
0.335659 0.549938 1.000000
0.431314 0.549708 1.000000
0.526968 0.549208 1.000000
0.622616 0.548253 1.000000
0.707057 0.522784 0.000000
0.678405 0.431520 0.000000
0.649752 0.340257 0.000000
0.621100 0.248994 0.000000
0.592447 0.157730 0.000000
0.556666 0.122142 2.000000
0.526038 0.212584 2.000000
0.503124 0.305452 2.000000
0.482957 0.398957 2.000000
0.466227 0.493131 2.000000
0.450810 0.587535 2.000000
0.437255 0.682223 2.000000
0.426525 0.777271 2.000000
0.419936 0.872652 2.000000
0.426790 0.967757 2.000000
0.504316 0.971640 2.000000
