4
1
30
0.251351 0.035135 1.000000
0.231496 0.092530 1.000000
0.173746 0.166628 1.000000
0.115190 0.240098 1.000000
0.071223 0.322859 1.000000
0.031055 0.407643 1.000000
0.005290 0.497818 1.000000
0.009108 0.589050 1.000000
0.096667 0.606757 1.000000
0.190161 0.600198 1.000000
0.282059 0.581287 1.000000
0.371475 0.552929 1.000000
0.460977 0.524846 1.000000
0.551338 0.499341 1.000000
0.642762 0.478865 1.000000
0.706120 0.448573 0.000000
0.656630 0.368714 0.000000
0.607140 0.288855 0.000000
0.557650 0.208997 0.000000
0.481499 0.177027 2.000000
0.411599 0.229623 2.000000
0.381319 0.318431 2.000000
0.358613 0.409556 2.000000
0.342297 0.501939 2.000000
0.332094 0.595333 2.000000
0.322973 0.688787 2.000000
0.322973 0.782737 2.000000
0.322973 0.876687 2.000000
0.346690 0.964708 2.000000
0.429730 1.000000 2.000000
