4
0
30
0.387302 0.066667 1.000000
0.435309 0.035951 1.000000
0.404217 0.107719 1.000000
0.360412 0.173705 1.000000
0.310208 0.235019 1.000000
0.260572 0.296788 1.000000
0.208525 0.356546 1.000000
0.158396 0.417923 1.000000
0.107572 0.478726 1.000000
0.055580 0.538532 1.000000
0.038748 0.592546 1.000000
0.117395 0.586650 1.000000
0.195579 0.597057 1.000000
0.270292 0.623035 1.000000
0.339679 0.661166 1.000000
0.407445 0.702232 1.000000
0.476665 0.740801 1.000000
0.553076 0.759379 1.000000
0.623188 0.731279 1.000000
0.664379 0.664517 1.000000
0.680384 0.587148 1.000000
0.692285 0.508874 1.000000
0.665042 0.492384 1.000000
0.629415 0.562896 1.000000
0.596174 0.634715 1.000000
0.556367 0.703202 1.000000
0.522121 0.774495 1.000000
0.497185 0.849650 1.000000
0.469471 0.923884 1.000000
0.447619 1.000000 1.000000
