4
0
30
0.133581 0.020408 1.000000
0.176700 0.050211 1.000000
0.151887 0.126457 1.000000
0.123032 0.201269 1.000000
0.089793 0.274248 1.000000
0.054009 0.346019 1.000000
0.018885 0.418109 1.000000
0.050019 0.458079 1.000000
0.129183 0.460631 1.000000
0.199528 0.497353 1.000000
0.261789 0.547900 1.000000
0.330191 0.589091 1.000000
0.403808 0.585952 1.000000
0.431273 0.512195 1.000000
0.433503 0.432079 1.000000
0.434515 0.351894 1.000000
0.437255 0.271744 1.000000
0.440705 0.191623 1.000000
0.451137 0.153373 1.000000
0.449960 0.233537 1.000000
0.442482 0.313372 1.000000
0.432255 0.392916 1.000000
0.422223 0.472484 1.000000
0.411057 0.551903 1.000000
0.400139 0.631354 1.000000
0.391898 0.711114 1.000000
0.388134 0.791213 1.000000
0.387137 0.871403 1.000000
0.388395 0.951574 1.000000
0.380334 0.936920 1.000000
