4
1
30
0.249747 0.000000 1.000000
0.172373 0.066887 1.000000
0.130225 0.161442 1.000000
0.090879 0.257345 1.000000
0.049653 0.352461 1.000000
0.013539 0.449597 1.000000
0.033035 0.536366 1.000000
0.135080 0.551400 1.000000
0.238684 0.550086 1.000000
0.342151 0.543677 1.000000
0.445482 0.535338 1.000000
0.548742 0.526138 1.000000
0.652043 0.517427 1.000000
0.755368 0.508989 1.000000
0.858736 0.501175 1.000000
0.870072 0.462343 0.000000
0.804007 0.382451 0.000000
0.737943 0.302559 0.000000
0.671878 0.222667 0.000000
0.605814 0.142775 0.000000
0.528443 0.103315 2.000000
0.501593 0.202449 2.000000
0.483030 0.304434 2.000000
0.460892 0.405698 2.000000
0.436481 0.506446 2.000000
0.410374 0.606771 2.000000
0.382815 0.706709 2.000000
0.353111 0.806017 2.000000
0.318499 0.903730 2.000000
0.280081 1.000000 2.000000
