4
1
30
0.417187 0.046875 1.000000
0.376344 0.058735 1.000000
0.312366 0.126101 1.000000
0.252075 0.196833 1.000000
0.193957 0.269387 1.000000
0.137137 0.342968 1.000000
0.081497 0.417444 1.000000
0.028820 0.493994 1.000000
0.040237 0.565692 1.000000
0.131006 0.582540 1.000000
0.223788 0.578503 1.000000
0.316306 0.569481 1.000000
0.408489 0.557476 1.000000
0.500328 0.543097 1.000000
0.591801 0.526503 1.000000
0.682667 0.506986 1.000000
0.767500 0.470583 1.000000
0.797199 0.395976 1.000000
0.731090 0.330671 0.000000
0.664778 0.265513 0.000000
0.591271 0.214603 2.000000
0.551632 0.294063 2.000000
0.540733 0.386336 2.000000
0.530551 0.478735 2.000000
0.517229 0.570737 2.000000
0.501304 0.662319 2.000000
0.482236 0.753294 2.000000
0.460079 0.843574 2.000000
0.427749 0.930215 2.000000
0.367188 1.000000 2.000000
