4
1
30
0.553327 0.024613 1.000000
0.456499 0.041186 1.000000
0.390701 0.136614 1.000000
0.325072 0.232398 1.000000
0.256380 0.326003 1.000000
0.183618 0.416463 1.000000
0.104505 0.501390 1.000000
0.023768 0.584713 1.000000
0.063777 0.655430 1.000000
0.179435 0.664482 1.000000
0.295529 0.663692 1.000000
0.411542 0.659001 1.000000
0.527467 0.652417 1.000000
0.643254 0.643754 1.000000
0.758914 0.633557 1.000000
0.874491 0.622511 1.000000
0.897133 0.539583 0.000000
0.863028 0.428592 0.000000
0.828923 0.317601 0.000000
0.794819 0.206610 0.000000
0.760714 0.095618 0.000000
0.699669 0.086313 2.000000
0.664805 0.196926 2.000000
0.641680 0.310672 2.000000
0.626734 0.425816 2.000000
0.613635 0.541186 2.000000
0.601638 0.656676 2.000000
0.591211 0.772315 2.000000
0.587111 0.888315 2.000000
0.611668 1.000000 2.000000
