4
0
30
0.065753 0.104110 1.000000
0.080786 0.031754 1.000000
0.121617 0.041196 1.000000
0.105153 0.113565 1.000000
0.080347 0.183895 1.000000
0.052476 0.253050 1.000000
0.023855 0.321917 1.000000
0.004455 0.392472 1.000000
0.073758 0.400633 1.000000
0.147773 0.407712 1.000000
0.216938 0.434556 1.000000
0.276042 0.479950 1.000000
0.336545 0.522614 1.000000
0.396399 0.492260 1.000000
0.416179 0.420639 1.000000
0.425274 0.346645 1.000000
0.432271 0.272409 1.000000
0.438356 0.205421 1.000000
0.437178 0.279893 1.000000
0.421580 0.352714 1.000000
0.399880 0.424063 1.000000
0.375768 0.494614 1.000000
0.349322 0.564345 1.000000
0.320172 0.632986 1.000000
0.292348 0.702159 1.000000
0.269494 0.773104 1.000000
0.251742 0.845520 1.000000
0.236416 0.918506 1.000000
0.224892 0.989053 1.000000
0.223288 0.915068 1.000000
