4
1
30
0.524793 0.000000 1.000000
0.429905 0.034611 1.000000
0.343162 0.085621 1.000000
0.271123 0.156324 1.000000
0.209203 0.236023 1.000000
0.155531 0.321618 1.000000
0.109724 0.411689 1.000000
0.069209 0.504287 1.000000
0.032402 0.598416 1.000000
0.007883 0.695945 1.000000
0.061262 0.771461 1.000000
0.158447 0.797645 1.000000
0.258611 0.811004 1.000000
0.359400 0.818463 1.000000
0.460400 0.822544 1.000000
0.561469 0.822073 1.000000
0.662498 0.819216 1.000000
0.763168 0.811224 1.000000
0.849417 0.768424 1.000000
0.822266 0.674489 0.000000
0.767810 0.589330 0.000000
0.713354 0.504170 0.000000
0.658898 0.419010 0.000000
0.627674 0.469291 2.000000
0.594855 0.564873 2.000000
0.561404 0.660259 2.000000
0.524075 0.754194 2.000000
0.485318 0.847550 2.000000
0.438807 0.937164 2.000000
0.363636 1.000000 2.000000
