4
1
30
0.490099 0.000000 1.000000
0.425469 0.072584 1.000000
0.359849 0.144251 1.000000
0.292312 0.214137 1.000000
0.222327 0.281568 1.000000
0.153311 0.349990 1.000000
0.085639 0.419742 1.000000
0.025438 0.495754 1.000000
0.038791 0.574311 1.000000
0.132503 0.596535 1.000000
0.229672 0.595589 1.000000
0.326731 0.590721 1.000000
0.423336 0.580789 1.000000
0.519696 0.568192 1.000000
0.616314 0.557701 1.000000
0.625993 0.467259 0.000000
0.628410 0.370101 0.000000
0.630827 0.272943 0.000000
0.633244 0.175785 0.000000
0.635660 0.078627 0.000000
0.607812 0.132039 2.000000
0.583348 0.226013 2.000000
0.572370 0.322568 2.000000
0.567672 0.419643 2.000000
0.564850 0.516790 2.000000
0.566645 0.613938 2.000000
0.571766 0.710975 2.000000
0.582527 0.807463 2.000000
0.597239 0.903529 2.000000
0.608911 1.000000 2.000000
