4
1
30
0.504525 0.214932 1.000000
0.410109 0.294029 1.000000
0.316925 0.374573 1.000000
0.225082 0.456638 1.000000
0.136215 0.541889 1.000000
0.057332 0.636379 1.000000
0.015202 0.743858 1.000000
0.124440 0.789720 1.000000
0.246509 0.805706 1.000000
0.369337 0.814334 1.000000
0.492456 0.817265 1.000000
0.615494 0.812383 1.000000
0.738150 0.801233 1.000000
0.856871 0.771694 1.000000
0.864816 0.671528 0.000000
0.791418 0.572615 0.000000
0.718020 0.473702 0.000000
0.644623 0.374788 0.000000
0.571225 0.275875 0.000000
0.497828 0.176961 0.000000
0.424430 0.078048 0.000000
0.358451 0.024699 2.000000
0.325897 0.143384 2.000000
0.306285 0.264919 2.000000
0.295142 0.387576 2.000000
0.293795 0.510730 2.000000
0.299447 0.633652 2.000000
0.309586 0.756404 2.000000
0.321178 0.879028 2.000000
0.343891 1.000000 2.000000
