4
1
30
0.194391 0.000000 1.000000
0.155906 0.074289 1.000000
0.120608 0.150167 1.000000
0.085693 0.226224 1.000000
0.051593 0.302646 1.000000
0.019908 0.380099 1.000000
0.007769 0.461036 1.000000
0.076125 0.500846 1.000000
0.159382 0.508086 1.000000
0.243064 0.508318 1.000000
0.326721 0.506149 1.000000
0.410331 0.502558 1.000000
0.493874 0.497677 1.000000
0.577374 0.492058 1.000000
0.660928 0.487595 1.000000
0.632639 0.416787 0.000000
0.596600 0.341256 0.000000
0.560561 0.265725 0.000000
0.524521 0.190194 0.000000
0.483300 0.180214 2.000000
0.449811 0.256571 2.000000
0.427646 0.337243 2.000000
0.409156 0.418854 2.000000
0.393032 0.500964 2.000000
0.379579 0.583565 2.000000
0.368475 0.666513 2.000000
0.360930 0.749841 2.000000
0.356886 0.833413 2.000000
0.359234 0.916983 2.000000
0.369439 1.000000 2.000000
