4
1
30
0.337963 0.000000 1.000000
0.292339 0.068672 1.000000
0.245349 0.136415 1.000000
0.196812 0.203047 1.000000
0.150863 0.271496 1.000000
0.105898 0.340601 1.000000
0.058855 0.408300 1.000000
0.013231 0.476920 1.000000
0.042712 0.534578 1.000000
0.124740 0.540123 1.000000
0.207160 0.539113 1.000000
0.289484 0.534635 1.000000
0.371650 0.528072 1.000000
0.453693 0.519942 1.000000
0.535788 0.512334 1.000000
0.617605 0.502291 1.000000
0.664098 0.471027 0.000000
0.621680 0.400330 0.000000
0.579261 0.329633 0.000000
0.536843 0.258936 0.000000
0.483671 0.275588 2.000000
0.443501 0.346855 2.000000
0.420151 0.425859 2.000000
0.404655 0.506761 2.000000
0.394803 0.588579 2.000000
0.387427 0.670692 2.000000
0.381798 0.752929 2.000000
0.378570 0.835311 2.000000
0.374387 0.917652 2.000000
0.370370 1.000000 2.000000
