4
1
30
0.732394 0.000000 1.000000
0.685639 0.099392 1.000000
0.618965 0.186558 1.000000
0.541380 0.264704 1.000000
0.461714 0.340764 1.000000
0.381854 0.416621 1.000000
0.302117 0.492606 1.000000
0.221413 0.567561 1.000000
0.138171 0.639688 1.000000
0.053795 0.710475 1.000000
0.044055 0.786019 1.000000
0.153425 0.794769 1.000000
0.263570 0.794769 1.000000
0.373715 0.794769 1.000000
0.483852 0.794021 1.000000
0.593970 0.791588 1.000000
0.704057 0.788529 1.000000
0.813834 0.779611 1.000000
0.923027 0.765421 1.000000
1.031239 0.744874 1.000000
1.021064 0.660446 0.000000
0.978777 0.558742 0.000000
0.936489 0.457037 0.000000
0.893550 0.360594 2.000000
0.851403 0.459655 2.000000
0.853579 0.569588 2.000000
0.869733 0.678481 2.000000
0.892371 0.786275 2.000000
0.918511 0.893257 2.000000
0.945674 1.000000 2.000000
