4
1
30
0.586139 0.000000 1.000000
0.502859 0.074952 1.000000
0.420359 0.150761 1.000000
0.339846 0.228670 1.000000
0.263262 0.310435 1.000000
0.190341 0.395487 1.000000
0.119550 0.482328 1.000000
0.051333 0.571180 1.000000
0.009665 0.671379 1.000000
0.093046 0.731737 1.000000
0.204232 0.743997 1.000000
0.316231 0.746535 1.000000
0.428252 0.745372 1.000000
0.540207 0.741023 1.000000
0.652078 0.734840 1.000000
0.763223 0.720765 1.000000
0.873785 0.702702 1.000000
0.882134 0.622640 0.000000
0.846703 0.516348 0.000000
0.811273 0.410055 0.000000
0.775842 0.303763 0.000000
0.740411 0.197471 0.000000
0.681253 0.281643 2.000000
0.631416 0.381688 2.000000
0.606589 0.489982 2.000000
0.612011 0.601493 2.000000
0.636099 0.710779 2.000000
0.680684 0.813278 2.000000
0.738176 0.909338 2.000000
0.803960 1.000000 2.000000
