4
1
30
0.359393 0.085181 1.000000
0.304773 0.150080 1.000000
0.237273 0.233326 1.000000
0.171244 0.317783 1.000000
0.105777 0.402679 1.000000
0.043035 0.489534 1.000000
0.006979 0.587986 1.000000
0.084695 0.649816 1.000000
0.189780 0.670645 1.000000
0.295996 0.685095 1.000000
0.402685 0.695451 1.000000
0.509608 0.703209 1.000000
0.616653 0.708784 1.000000
0.679224 0.660247 1.000000
0.640970 0.560138 0.000000
0.604241 0.459419 0.000000
0.567513 0.358700 0.000000
0.530784 0.257981 0.000000
0.494056 0.157261 0.000000
0.457328 0.056542 0.000000
0.435628 0.071055 2.000000
0.436481 0.178250 2.000000
0.439370 0.285418 2.000000
0.441581 0.392602 2.000000
0.443651 0.499789 2.000000
0.445748 0.606975 2.000000
0.447018 0.714175 2.000000
0.448075 0.821375 2.000000
0.448075 0.928582 2.000000
0.448075 0.925321 2.000000
