4
1
30
0.341219 0.033667 1.000000
0.296143 0.110927 1.000000
0.244424 0.194959 1.000000
0.188862 0.276524 1.000000
0.129288 0.355199 1.000000
0.065375 0.430374 1.000000
0.007180 0.509347 1.000000
0.076154 0.550197 1.000000
0.174709 0.546124 1.000000
0.272909 0.536331 1.000000
0.370939 0.524882 1.000000
0.469081 0.514451 1.000000
0.567156 0.503460 1.000000
0.623889 0.458882 0.000000
0.573847 0.373811 0.000000
0.523806 0.288741 0.000000
0.473764 0.203670 0.000000
0.423722 0.118599 0.000000
0.373681 0.033529 0.000000
0.352236 0.059737 2.000000
0.360811 0.158061 2.000000
0.368583 0.256450 2.000000
0.372397 0.355073 2.000000
0.375487 0.453721 2.000000
0.377838 0.552391 2.000000
0.379772 0.651069 2.000000
0.382171 0.749736 2.000000
0.385681 0.848370 2.000000
0.393565 0.946655 2.000000
0.454049 0.971793 2.000000
