4
1
30
0.493620 0.000000 1.000000
0.430951 0.080020 1.000000
0.365506 0.157803 1.000000
0.297971 0.233779 1.000000
0.227732 0.307260 1.000000
0.155567 0.378853 1.000000
0.082089 0.449102 1.000000
0.013861 0.523969 1.000000
0.089792 0.552101 1.000000
0.191422 0.550807 1.000000
0.292886 0.544614 1.000000
0.394310 0.537770 1.000000
0.495779 0.531609 1.000000
0.597290 0.526218 1.000000
0.698793 0.520755 1.000000
0.750094 0.470811 1.000000
0.683279 0.394251 0.000000
0.617441 0.316795 0.000000
0.551603 0.239338 0.000000
0.485765 0.161882 0.000000
0.422040 0.098946 2.000000
0.401844 0.198096 2.000000
0.395328 0.299498 2.000000
0.395123 0.401136 2.000000
0.400317 0.502638 2.000000
0.411713 0.603614 2.000000
0.430972 0.703388 2.000000
0.456296 0.801838 2.000000
0.480576 0.900543 2.000000
0.501595 1.000000 2.000000
