4
1
30
0.619008 0.025620 1.000000
0.544206 0.057831 1.000000
0.445897 0.120213 1.000000
0.350537 0.187017 1.000000
0.257933 0.257610 1.000000
0.168323 0.331959 1.000000
0.081994 0.410072 1.000000
0.004026 0.496163 1.000000
0.109671 0.514466 1.000000
0.225641 0.503967 1.000000
0.341605 0.493370 1.000000
0.457786 0.485514 1.000000
0.574088 0.479763 1.000000
0.690490 0.476671 1.000000
0.806909 0.474104 1.000000
0.922823 0.465443 1.000000
0.914482 0.380679 0.000000
0.839109 0.291915 0.000000
0.763736 0.203150 0.000000
0.688363 0.114386 0.000000
0.612671 0.025899 2.000000
0.568473 0.077642 2.000000
0.571578 0.194041 2.000000
0.577482 0.310337 2.000000
0.585211 0.426528 2.000000
0.595646 0.542503 2.000000
0.609766 0.658080 2.000000
0.627666 0.773139 2.000000
0.649788 0.887466 2.000000
0.679339 1.000000 2.000000
