4
1
30
1.122596 0.000000 1.000000
0.996411 0.080092 1.000000
0.871036 0.161397 1.000000
0.744676 0.241134 1.000000
0.618986 0.321968 1.000000
0.491741 0.400357 1.000000
0.363246 0.476668 1.000000
0.232599 0.549245 1.000000
0.098517 0.615152 1.000000
0.048261 0.690042 1.000000
0.196247 0.710885 1.000000
0.344268 0.731406 1.000000
0.493440 0.740573 1.000000
0.642778 0.743190 1.000000
0.792220 0.741492 1.000000
0.941590 0.736464 1.000000
1.090655 0.726590 1.000000
1.236458 0.696101 1.000000
1.367927 0.629339 1.000000
1.316155 0.508679 0.000000
1.192057 0.425388 0.000000
1.067959 0.342098 0.000000
0.943862 0.258807 0.000000
0.819764 0.175516 0.000000
0.764286 0.289300 2.000000
0.782551 0.437636 2.000000
0.806175 0.585173 2.000000
0.832620 0.732223 2.000000
0.872050 0.876229 2.000000
0.951923 1.000000 2.000000
