4
0
30
0.173984 0.000000 1.000000
0.153414 0.071096 1.000000
0.106058 0.130480 1.000000
0.067237 0.195322 1.000000
0.037422 0.265141 1.000000
0.012979 0.336998 1.000000
0.055094 0.386571 1.000000
0.117448 0.429835 1.000000
0.176958 0.477036 1.000000
0.238618 0.521375 1.000000
0.302101 0.562971 1.000000
0.373057 0.568285 1.000000
0.404813 0.500925 1.000000
0.410094 0.425285 1.000000
0.409756 0.349324 1.000000
0.407798 0.273390 1.000000
0.407046 0.197454 1.000000
0.401885 0.122120 1.000000
0.380075 0.187470 1.000000
0.368371 0.262519 1.000000
0.356966 0.337617 1.000000
0.346347 0.412833 1.000000
0.334327 0.487835 1.000000
0.320582 0.562538 1.000000
0.306907 0.637253 1.000000
0.294343 0.712166 1.000000
0.282113 0.787135 1.000000
0.271281 0.862313 1.000000
0.262232 0.937717 1.000000
0.224390 1.000000 1.000000
