4
1
30
0.185315 0.000000 1.000000
0.153732 0.083845 1.000000
0.122295 0.167767 1.000000
0.093173 0.252517 1.000000
0.067030 0.338231 1.000000
0.043299 0.424650 1.000000
0.022997 0.511921 1.000000
0.006858 0.600067 1.000000
0.040182 0.656513 1.000000
0.129616 0.651481 1.000000
0.218768 0.642334 1.000000
0.307987 0.633866 1.000000
0.397382 0.627739 1.000000
0.486968 0.626483 1.000000
0.576502 0.630321 1.000000
0.604421 0.581769 0.000000
0.561615 0.503031 0.000000
0.518809 0.424293 0.000000
0.476002 0.345556 0.000000
0.433196 0.266818 0.000000
0.392473 0.195620 2.000000
0.389318 0.285109 2.000000
0.382101 0.374439 2.000000
0.375219 0.463796 2.000000
0.369522 0.553235 2.000000
0.365321 0.642756 2.000000
0.363222 0.732351 2.000000
0.362310 0.821967 2.000000
0.364236 0.911553 2.000000
0.379720 0.993007 2.000000
