4
1
30
0.176849 0.000000 1.000000
0.142609 0.091016 1.000000
0.107512 0.181732 1.000000
0.075838 0.273685 1.000000
0.047485 0.366733 1.000000
0.021057 0.460330 1.000000
0.020081 0.553550 1.000000
0.110671 0.575123 1.000000
0.207935 0.573923 1.000000
0.305200 0.572709 1.000000
0.402461 0.571241 1.000000
0.499725 0.569978 1.000000
0.596981 0.568275 1.000000
0.694218 0.565682 1.000000
0.791456 0.563097 1.000000
0.888671 0.559832 1.000000
0.985510 0.551487 1.000000
0.964728 0.504651 0.000000
0.889414 0.443091 0.000000
0.814100 0.381530 0.000000
0.738787 0.319969 0.000000
0.663473 0.258408 0.000000
0.641956 0.319342 2.000000
0.639557 0.416583 2.000000
0.638265 0.513847 2.000000
0.636972 0.611110 2.000000
0.636656 0.708381 2.000000
0.635584 0.805645 2.000000
0.635463 0.902916 2.000000
0.630225 1.000000 2.000000
