4
1
30
0.233903 0.000000 1.000000
0.190313 0.086553 1.000000
0.150766 0.175046 1.000000
0.115095 0.265159 1.000000
0.082146 0.356310 1.000000
0.051593 0.448275 1.000000
0.024296 0.541285 1.000000
0.002376 0.635603 1.000000
0.052258 0.686841 1.000000
0.148883 0.679412 1.000000
0.245755 0.676117 1.000000
0.342654 0.673539 1.000000
0.439555 0.671064 1.000000
0.536441 0.668054 1.000000
0.633336 0.665426 1.000000
0.730219 0.666669 1.000000
0.767801 0.641949 0.000000
0.715458 0.560363 0.000000
0.663115 0.478777 0.000000
0.610772 0.397191 0.000000
0.558429 0.315605 0.000000
0.507078 0.242149 2.000000
0.478043 0.334607 2.000000
0.453986 0.428507 2.000000
0.431689 0.522837 2.000000
0.409709 0.617244 2.000000
0.387368 0.711567 2.000000
0.365943 0.806102 2.000000
0.345554 0.900863 2.000000
0.332457 0.986859 2.000000
