4
1
30
0.508854 0.000000 1.000000
0.431742 0.092207 1.000000
0.359499 0.188314 1.000000
0.289580 0.286132 1.000000
0.222266 0.385759 1.000000
0.157652 0.487146 1.000000
0.096445 0.590631 1.000000
0.039155 0.696321 1.000000
0.008693 0.809349 1.000000
0.109731 0.860296 1.000000
0.229718 0.866567 1.000000
0.349937 0.865531 1.000000
0.470057 0.860222 1.000000
0.589573 0.847698 1.000000
0.705403 0.817344 1.000000
0.757678 0.735227 0.000000
0.720506 0.620878 0.000000
0.683333 0.506528 0.000000
0.646161 0.392178 0.000000
0.608988 0.277828 0.000000
0.569038 0.164871 2.000000
0.488983 0.104362 2.000000
0.487148 0.222741 2.000000
0.507222 0.341251 2.000000
0.534670 0.458305 2.000000
0.567462 0.573966 2.000000
0.604788 0.688256 2.000000
0.647598 0.800585 2.000000
0.698463 0.909420 2.000000
0.775396 1.000000 2.000000
