4
1
30
0.502049 0.030738 1.000000
0.526591 0.051062 1.000000
0.448469 0.139076 1.000000
0.364067 0.221192 1.000000
0.278327 0.301927 1.000000
0.191970 0.382010 1.000000
0.105744 0.462233 1.000000
0.026990 0.549398 1.000000
0.085357 0.622155 1.000000
0.202236 0.632514 1.000000
0.320006 0.631995 1.000000
0.437767 0.630256 1.000000
0.555530 0.628605 1.000000
0.673293 0.627115 1.000000
0.791055 0.628809 1.000000
0.908815 0.630674 1.000000
1.026554 0.633231 1.000000
1.144209 0.637978 1.000000
1.179212 0.620682 0.000000
1.068528 0.580434 0.000000
0.957845 0.540185 0.000000
0.847161 0.499936 0.000000
0.736478 0.459688 0.000000
0.625794 0.419439 0.000000
0.542914 0.419055 2.000000
0.542445 0.536828 2.000000
0.529870 0.653768 2.000000
0.513642 0.770394 2.000000
0.487354 0.885197 2.000000
0.461066 1.000000 2.000000
