4
1
30
0.362637 0.000000 1.000000
0.333399 0.079199 1.000000
0.288745 0.151387 1.000000
0.239609 0.220624 1.000000
0.185835 0.286284 1.000000
0.129936 0.350162 1.000000
0.072582 0.412760 1.000000
0.017817 0.477433 1.000000
0.058047 0.529495 1.000000
0.141952 0.542322 1.000000
0.226398 0.551095 1.000000
0.311091 0.556973 1.000000
0.395833 0.562127 1.000000
0.480621 0.566498 1.000000
0.565441 0.570176 1.000000
0.650292 0.572893 1.000000
0.723726 0.566158 0.000000
0.694658 0.486388 0.000000
0.665589 0.406619 0.000000
0.636521 0.326849 0.000000
0.608392 0.253105 2.000000
0.604067 0.337850 2.000000
0.591303 0.421786 2.000000
0.575365 0.505171 2.000000
0.557250 0.588086 2.000000
0.536536 0.670421 2.000000
0.516421 0.752904 2.000000
0.496598 0.835458 2.000000
0.475728 0.917752 2.000000
0.454670 1.000000 2.000000
