4
0
30
0.208655 0.021638 1.000000
0.186239 0.077872 1.000000
0.145356 0.137808 1.000000
0.098500 0.193334 1.000000
0.051706 0.248904 1.000000
0.015304 0.282950 1.000000
0.084257 0.274308 1.000000
0.145076 0.312732 1.000000
0.195511 0.364905 1.000000
0.244212 0.418818 1.000000
0.299386 0.465838 1.000000
0.366957 0.489382 1.000000
0.414596 0.443620 1.000000
0.419941 0.371248 1.000000
0.420402 0.298595 1.000000
0.420461 0.225938 1.000000
0.421859 0.153295 1.000000
0.421114 0.180041 1.000000
0.417200 0.252580 1.000000
0.410200 0.324895 1.000000
0.399960 0.396822 1.000000
0.388987 0.468645 1.000000
0.378332 0.540515 1.000000
0.368090 0.612447 1.000000
0.358106 0.684414 1.000000
0.348970 0.756491 1.000000
0.343638 0.828936 1.000000
0.343355 0.901563 1.000000
0.347425 0.974087 1.000000
0.350850 0.916538 1.000000
