4
1
30
0.507156 0.000000 1.000000
0.456772 0.100102 1.000000
0.392543 0.192147 1.000000
0.320712 0.278418 1.000000
0.242988 0.359433 1.000000
0.159397 0.434364 1.000000
0.070239 0.502599 1.000000
0.034551 0.563919 1.000000
0.146700 0.561387 1.000000
0.258784 0.554316 1.000000
0.370939 0.548570 1.000000
0.483185 0.545113 1.000000
0.595403 0.540700 1.000000
0.707584 0.535615 1.000000
0.819825 0.531956 1.000000
0.931876 0.525933 1.000000
0.921748 0.470783 0.000000
0.836142 0.398089 0.000000
0.750536 0.325394 0.000000
0.664930 0.252700 0.000000
0.579324 0.180005 0.000000
0.488620 0.133546 2.000000
0.443502 0.235452 2.000000
0.408746 0.342234 2.000000
0.377135 0.449988 2.000000
0.349529 0.558846 2.000000
0.324298 0.668278 2.000000
0.301100 0.778160 2.000000
0.281075 0.888656 2.000000
0.266547 1.000000 2.000000
