4
1
30
0.413270 0.006635 1.000000
0.349517 0.068653 1.000000
0.292504 0.144784 1.000000
0.232878 0.218884 1.000000
0.171888 0.291874 1.000000
0.109498 0.363667 1.000000
0.045001 0.433569 1.000000
0.034363 0.491657 1.000000
0.129239 0.484999 1.000000
0.223990 0.476660 1.000000
0.318733 0.468225 1.000000
0.413455 0.459576 1.000000
0.508173 0.450870 1.000000
0.602831 0.441545 1.000000
0.697343 0.430916 1.000000
0.723396 0.386377 0.000000
0.661405 0.314234 0.000000
0.599415 0.242092 0.000000
0.537424 0.169950 0.000000
0.474834 0.098473 2.000000
0.431179 0.153058 2.000000
0.416956 0.247102 2.000000
0.401371 0.340926 2.000000
0.387469 0.435022 2.000000
0.376756 0.529524 2.000000
0.368641 0.624284 2.000000
0.364792 0.719316 2.000000
0.364871 0.814418 2.000000
0.375138 0.908896 2.000000
0.400948 1.000000 2.000000
