4
1
30
0.196532 0.072254 1.000000
0.076173 0.088198 1.000000
0.022768 0.201935 1.000000
0.002912 0.327954 1.000000
0.018029 0.453070 1.000000
0.106241 0.540935 1.000000
0.225623 0.585603 1.000000
0.349530 0.616738 1.000000
0.474414 0.643912 1.000000
0.600046 0.667295 1.000000
0.725576 0.691286 1.000000
0.851508 0.712992 1.000000
0.978057 0.730800 1.000000
1.105252 0.743029 1.000000
1.199800 0.728261 0.000000
1.156755 0.607920 0.000000
1.113710 0.487580 0.000000
1.070665 0.367239 0.000000
1.027620 0.246898 0.000000
0.984575 0.126558 0.000000
0.941530 0.006217 0.000000
0.843219 0.073746 2.000000
0.756953 0.167232 2.000000
0.689272 0.275637 2.000000
0.627070 0.387140 2.000000
0.573421 0.503106 2.000000
0.528491 0.622411 2.000000
0.502188 0.747402 2.000000
0.493454 0.874278 2.000000
0.514451 1.000000 2.000000
