4
1
30
0.177102 0.000000 1.000000
0.118416 0.072197 1.000000
0.066335 0.148999 1.000000
0.025928 0.232129 1.000000
0.004594 0.322313 1.000000
0.007080 0.414599 1.000000
0.057613 0.490102 1.000000
0.142021 0.526305 1.000000
0.234794 0.526887 1.000000
0.326896 0.514155 1.000000
0.418789 0.499594 1.000000
0.510949 0.486825 1.000000
0.603667 0.479216 1.000000
0.696569 0.474426 1.000000
0.789566 0.472272 1.000000
0.875780 0.466282 0.000000
0.863689 0.374032 0.000000
0.851598 0.281781 0.000000
0.839507 0.189530 0.000000
0.825169 0.109510 2.000000
0.781082 0.191441 2.000000
0.741169 0.275377 2.000000
0.704785 0.361008 2.000000
0.678691 0.450255 2.000000
0.655708 0.540308 2.000000
0.640784 0.632143 2.000000
0.635659 0.724770 2.000000
0.638802 0.817587 2.000000
0.652385 0.909607 2.000000
0.674419 1.000000 2.000000
