4
1
30
0.250729 0.000000 1.000000
0.222229 0.074689 1.000000
0.194154 0.149538 1.000000
0.166476 0.224536 1.000000
0.138777 0.299526 1.000000
0.111354 0.374614 1.000000
0.085534 0.450272 1.000000
0.059496 0.525855 1.000000
0.032783 0.601197 1.000000
0.005660 0.676330 1.000000
0.068041 0.687226 1.000000
0.147462 0.678110 1.000000
0.227258 0.674375 1.000000
0.307195 0.673955 1.000000
0.387077 0.676633 1.000000
0.433889 0.628721 0.000000
0.463899 0.554625 0.000000
0.493909 0.480530 0.000000
0.523919 0.406434 0.000000
0.553929 0.332339 0.000000
0.577841 0.285021 2.000000
0.572808 0.364804 2.000000
0.568554 0.444621 2.000000
0.566726 0.524543 2.000000
0.567038 0.604438 2.000000
0.570799 0.684292 2.000000
0.573663 0.764180 2.000000
0.577446 0.844012 2.000000
0.586118 0.923416 2.000000
0.607872 1.000000 2.000000
