4
1
30
0.249663 0.000000 1.000000
0.218316 0.077084 1.000000
0.187419 0.154351 1.000000
0.155366 0.231142 1.000000
0.122747 0.307697 1.000000
0.090067 0.384226 1.000000
0.059990 0.461746 1.000000
0.033603 0.540667 1.000000
0.013621 0.621279 1.000000
0.000000 0.702894 1.000000
0.053984 0.750337 1.000000
0.137062 0.748986 1.000000
0.218598 0.732352 1.000000
0.298535 0.709755 1.000000
0.379407 0.690737 1.000000
0.460839 0.673688 1.000000
0.534591 0.641964 0.000000
0.488499 0.572680 0.000000
0.442406 0.503397 0.000000
0.396314 0.434113 0.000000
0.350221 0.364829 0.000000
0.315104 0.351379 2.000000
0.296227 0.432398 2.000000
0.280496 0.514097 2.000000
0.267891 0.596347 2.000000
0.256336 0.678756 2.000000
0.254535 0.761166 2.000000
0.266876 0.843456 2.000000
0.289795 0.922934 2.000000
0.321188 1.000000 2.000000
