4
1
30
0.365462 0.033467 1.000000
0.274822 0.125855 1.000000
0.190447 0.223887 1.000000
0.113642 0.327988 1.000000
0.046281 0.438476 1.000000
0.005134 0.560796 1.000000
0.043093 0.676646 1.000000
0.164383 0.717179 1.000000
0.293558 0.724193 1.000000
0.422938 0.721416 1.000000
0.552322 0.717691 1.000000
0.681744 0.716198 1.000000
0.811162 0.718075 1.000000
0.940553 0.721476 1.000000
1.069941 0.724657 1.000000
1.150587 0.677061 0.000000
1.116173 0.552281 0.000000
1.081759 0.427501 0.000000
1.047345 0.302722 0.000000
1.012931 0.177942 0.000000
0.978518 0.053163 0.000000
0.907765 0.048139 2.000000
0.832712 0.153308 2.000000
0.766534 0.264533 2.000000
0.708089 0.379914 2.000000
0.657402 0.498984 2.000000
0.613804 0.620827 2.000000
0.579503 0.745561 2.000000
0.563672 0.873744 2.000000
0.586345 1.000000 2.000000
