4
1
30
0.237172 0.010262 1.000000
0.187269 0.069983 1.000000
0.142596 0.148678 1.000000
0.100141 0.228564 1.000000
0.062406 0.310790 1.000000
0.030626 0.395483 1.000000
0.008311 0.483076 1.000000
0.003142 0.572974 1.000000
0.067656 0.622374 1.000000
0.157539 0.614491 1.000000
0.245331 0.592729 1.000000
0.330587 0.562493 1.000000
0.413354 0.526000 1.000000
0.491273 0.480125 1.000000
0.555238 0.418665 1.000000
0.530004 0.333695 0.000000
0.496339 0.249696 0.000000
0.462674 0.165697 0.000000
0.423415 0.134266 2.000000
0.378108 0.212506 2.000000
0.340148 0.294643 2.000000
0.305160 0.378095 2.000000
0.272656 0.462542 2.000000
0.244247 0.548437 2.000000
0.221003 0.635869 2.000000
0.202690 0.724477 2.000000
0.188168 0.813789 2.000000
0.179464 0.903826 2.000000
0.180101 0.993677 2.000000
0.235462 0.925314 2.000000
