4
1
30
0.141700 0.000000 1.000000
0.088663 0.052735 1.000000
0.057537 0.123993 1.000000
0.039788 0.199843 1.000000
0.019265 0.274899 1.000000
0.006674 0.351897 1.000000
0.000000 0.429375 1.000000
0.000000 0.507395 1.000000
0.007978 0.584152 1.000000
0.066349 0.629272 1.000000
0.142268 0.642375 1.000000
0.218553 0.627351 1.000000
0.293401 0.606456 1.000000
0.368741 0.587816 1.000000
0.442521 0.563744 1.000000
0.514926 0.537108 1.000000
0.585945 0.506439 1.000000
0.562008 0.467191 0.000000
0.498382 0.422037 0.000000
0.434756 0.376883 0.000000
0.371130 0.331729 0.000000
0.337713 0.378039 2.000000
0.321188 0.453858 2.000000
0.321188 0.531879 2.000000
0.321188 0.609899 2.000000
0.321188 0.687919 2.000000
0.321188 0.765939 2.000000
0.321188 0.843960 2.000000
0.321188 0.921980 2.000000
0.321188 1.000000 2.000000
