4
1
30
0.531601 0.000000 1.000000
0.449704 0.066113 1.000000
0.390247 0.152593 1.000000
0.335972 0.242730 1.000000
0.269192 0.323972 1.000000
0.192454 0.395930 1.000000
0.118178 0.470507 1.000000
0.051692 0.552031 1.000000
0.023288 0.630479 1.000000
0.127933 0.631673 1.000000
0.232371 0.618925 1.000000
0.337400 0.612036 1.000000
0.442419 0.604989 1.000000
0.547426 0.597771 1.000000
0.652530 0.593621 1.000000
0.757391 0.585452 1.000000
0.835064 0.550006 0.000000
0.772944 0.465038 0.000000
0.710823 0.380069 0.000000
0.648702 0.295101 0.000000
0.586581 0.210132 0.000000
0.513540 0.169432 2.000000
0.477664 0.266759 2.000000
0.462834 0.370945 2.000000
0.449955 0.475409 2.000000
0.440104 0.580162 2.000000
0.437685 0.685343 2.000000
0.437685 0.790598 2.000000
0.438704 0.895803 2.000000
0.453042 1.000000 2.000000
