2
36
15669 2679
15669 2679
15669 2679
15669 2679
15669 2679
15669 2679
15648 2683
15641 2703
15624 2726
15611 2759
15590 2793
15570 2837
15549 2876
15531 2917
15516 2952
15504 2980
15495 3003
15492 3018
15492 3018
15496 3033
15496 3033
15526 3032
15552 3027
15588 3024
15635 3018
15685 3015
15740 3009
15799 3003
15859 3000
15912 2995
15963 2997
15998 2992
16028 2991
16048 2989
16048 2989
16048 2989
20
15877 2732
15877 2732
15873 2717
15873 2717
15873 2717
15847 2718
15841 2742
15826 2772
15814 2819
15795 2872
15776 2938
15754 3011
15736 3084
15722 3157
15709 3219
15706 3279
15707 3324
15710 3354
15727 3371
15746 3369
