1
94
12201 4509
12201 4509
12201 4509
12202 4486
12202 4486
12205 4465
12213 4453
12213 4453
12224 4437
12224 4437
12237 4433
12237 4433
12237 4433
12245 4453
12242 4467
12239 4487
12233 4509
12223 4535
12213 4563
12203 4593
12191 4620
12177 4647
12171 4670
12162 4690
12157 4705
12154 4716
12154 4716
12153 4728
12153 4728
12169 4729
12179 4727
12194 4726
12208 4725
12228 4725
12248 4727
12269 4732
12290 4738
12310 4748
12326 4759
12357 4785
12378 4804
12389 4811
12389 4811
12403 4819
12403 4819
12419 4819
12419 4819
12433 4811
12433 4811
12442 4792
12451 4777
12453 4758
12459 4735
12461 4710
12464 4683
12466 4658
12467 4634
12472 4614
12470 4596
12473 4584
12473 4584
12473 4572
12473 4572
12473 4572
12473 4585
12473 4598
12475 4618
12473 4641
12467 4670
12451 4731
12435 4769
12423 4809
12407 4850
12389 4889
12371 4930
12357 4969
12346 5007
12337 5048
12331 5078
12326 5103
12321 5124
12317 5140
12319 5152
12319 5152
12315 5163
12315 5163
12315 5163
12315 5163
12319 5153
12319 5153
12314 5142
12316 5130
12314 5119
12316 5101
