1
58
9830 3362
9830 3362
9830 3362
9830 3362
9830 3362
9830 3362
9830 3362
9830 3362
9815 3373
9802 3388
9802 3388
9787 3401
9782 3414
9777 3427
9775 3440
9777 3451
9782 3461
9790 3470
9797 3481
9809 3491
9823 3495
9836 3497
9849 3499
9861 3500
9872 3501
9882 3501
9882 3501
9897 3501
9910 3485
9912 3475
9915 3463
9917 3442
9917 3442
9919 3423
9919 3423
9919 3423
9919 3423
9919 3423
9919 3423
9919 3423
9919 3423
9919 3423
9919 3438
9919 3455
9919 3475
9917 3498
9917 3523
9916 3552
9915 3583
9914 3604
9913 3621
9911 3636
9910 3647
9910 3647
9910 3647
9910 3647
9910 3647
9905 3633
