2
32
18804 3177
18804 3177
18775 3204
18764 3224
18748 3245
18725 3267
18714 3297
18703 3324
18696 3358
18691 3387
18691 3416
18694 3443
18701 3468
18714 3491
18730 3509
18750 3527
18775 3538
18804 3547
18838 3552
18879 3554
18926 3554
18976 3554
19030 3554
19089 3554
19148 3554
19204 3556
19258 3561
19306 3568
19344 3570
19378 3577
19403 3581
19412 3581
20
19281 2926
19281 2926
19265 2951
19254 2992
19238 3051
19215 3116
19193 3200
19163 3290
19136 3394
19105 3498
19078 3604
19053 3705
19030 3800
19014 3886
19001 3956
18994 4022
18985 4064
18978 4092
18978 4110
18978 4110
