2
50
17051 3890
17051 3890
17051 3890
17051 3890
17058 3877
17058 3877
17058 3877
17058 3877
17044 3887
16993 3929
16962 3961
16929 4000
16895 4039
16859 4079
16828 4114
16802 4145
16790 4168
16780 4185
16780 4185
16781 4195
16781 4195
16803 4196
16831 4198
16855 4201
16886 4204
16921 4207
16961 4212
17004 4216
17051 4220
17101 4221
17154 4226
17199 4228
17240 4227
17274 4227
17303 4226
17327 4223
17346 4222
17359 4219
17369 4216
17369 4216
17369 4216
17379 4207
17379 4207
17379 4207
17379 4207
17379 4207
17365 4201
17350 4201
17337 4202
17317 4199
22
17019 3874
17019 3874
17019 3874
17019 3874
17003 3856
17003 3856
16988 3863
16982 3884
16979 3925
16975 3975
16975 4039
16974 4185
16975 4264
16977 4344
16981 4412
16984 4468
16990 4513
16990 4545
16992 4572
16995 4591
16995 4591
16995 4591
