2
30
21001 3345
20975 3352
20935 3360
20893 3387
20837 3416
20772 3459
20638 3578
20575 3646
20514 3713
20461 3776
20419 3833
20388 3881
20370 3922
20363 3956
20370 4010
20394 4032
20432 4050
20484 4065
20552 4076
20631 4083
20721 4088
20818 4089
20922 4088
21018 4085
21105 4079
21183 4077
21242 4072
21282 4062
21314 4061
21322 4043
16
20931 3400
20923 3377
20909 3365
20901 3386
20876 3490
20865 3574
20854 3674
20846 3785
20840 3900
20838 4014
20839 4119
20844 4213
20857 4293
20871 4361
20887 4403
20913 4437
