2
36
19677 3941
19683 3927
19695 3924
19695 3924
19695 3924
19707 3947
19710 3975
19714 4007
19714 4047
19714 4088
19714 4126
19711 4162
19711 4191
19711 4218
19713 4234
19715 4245
19725 4258
19725 4258
19746 4254
19764 4249
19785 4239
19813 4228
19845 4216
19882 4204
19922 4188
19965 4175
20007 4159
20048 4150
20085 4136
20118 4129
20144 4116
20165 4110
20178 4104
20181 4091
20181 4091
20171 4078
16
19883 3907
19883 3907
19864 3904
19859 3925
19854 3959
19851 4007
19851 4066
19851 4131
19855 4201
19858 4271
19864 4339
19870 4400
19880 4452
19885 4484
19897 4511
19897 4511
