2
32
17078 1335
17050 1348
17023 1375
16986 1393
16945 1418
16900 1449
16853 1482
16753 1538
16707 1565
16672 1583
16622 1605
16611 1607
16614 1618
16628 1623
16650 1625
16678 1627
16714 1636
16753 1637
16797 1645
16843 1644
16891 1645
16936 1643
16979 1643
17018 1640
17055 1640
17085 1636
17138 1626
17173 1606
17184 1597
17186 1585
17186 1572
17174 1557
17
16952 1408
16938 1402
16938 1402
16927 1419
16927 1436
16930 1487
16939 1521
16942 1554
16949 1592
16953 1626
16961 1658
16969 1686
16975 1707
16984 1725
16994 1742
16994 1742
17007 1751
