2
39
19761 3318
19761 3318
19773 3312
19773 3312
19763 3316
19746 3340
19726 3378
19702 3421
19671 3472
19633 3529
19593 3586
19551 3645
19506 3700
19468 3744
19433 3780
19409 3810
19393 3836
19386 3856
19390 3871
19404 3878
19429 3884
19461 3886
19501 3887
19544 3884
19595 3881
19646 3874
19702 3870
19754 3862
19807 3856
19857 3851
19903 3846
19946 3842
19983 3838
20017 3834
20042 3829
20062 3824
20080 3820
20085 3808
20085 3808
22
19775 3281
19775 3281
19777 3293
19772 3308
19772 3337
19774 3380
19788 3489
19791 3558
19794 3636
19797 3716
19800 3804
19801 3893
19803 3979
19805 4062
19806 4144
19812 4270
19815 4311
19821 4344
19831 4368
19837 4380
19867 4369
19885 4349
