2
47
11433 4951
11433 4951
11429 4961
11429 4961
11421 4977
11416 4988
11399 5018
11385 5055
11370 5097
11352 5136
11352 5155
11342 5170
11342 5185
11342 5196
11341 5210
11341 5210
11357 5218
11357 5218
11368 5217
11368 5217
11386 5216
11399 5213
11411 5210
11429 5208
11444 5205
11461 5202
11480 5199
11497 5198
11515 5197
11530 5197
11547 5198
11562 5200
11577 5202
11589 5205
11599 5206
11609 5207
11609 5207
11625 5206
11625 5206
11637 5202
11637 5202
11637 5202
11645 5192
11645 5192
11645 5192
11645 5192
11633 5185
29
11522 4998
11522 4998
11522 5013
11522 5013
11527 5033
11530 5046
11531 5062
11534 5081
11534 5103
11535 5126
11535 5152
11535 5177
11531 5203
11531 5229
11530 5254
11531 5275
11533 5297
11534 5314
11535 5329
11536 5341
11537 5351
11537 5351
11539 5363
11539 5363
11539 5363
11539 5363
11539 5363
11539 5363
11539 5363
