2
41
11066 2713
11049 2731
11049 2731
11035 2754
11027 2767
11018 2780
11008 2796
10999 2812
10991 2831
10985 2846
10978 2860
10974 2872
10971 2883
10971 2883
10972 2897
10972 2897
10972 2897
10989 2906
11000 2906
11013 2905
11028 2904
11047 2902
11066 2900
11086 2898
11106 2897
11127 2897
11144 2897
11162 2898
11178 2900
11191 2903
11203 2905
11214 2907
11214 2907
11229 2910
11229 2910
11229 2910
11243 2909
11243 2909
11243 2909
11243 2909
11243 2909
18
11196 2795
11187 2808
11183 2818
11174 2833
11168 2849
11161 2866
11152 2885
11147 2904
11139 2924
11132 2941
11126 2958
11122 2972
11119 2983
11119 2983
11113 2994
11113 2994
11113 2994
11113 2994
