2
31
14132 3534
14127 3519
14113 3516
14090 3528
14059 3555
14020 3597
13980 3648
13936 3707
13892 3770
13853 3834
13821 3893
13798 3940
13788 3976
13788 4001
13799 4016
13822 4024
13856 4025
13899 4022
13951 4016
14009 4010
14070 4003
14134 3995
14196 3990
14253 3982
14299 3979
14339 3973
14362 3974
14378 3970
14381 3959
14373 3943
14356 3917
17
14153 3537
14133 3491
14121 3456
14117 3434
14123 3508
14136 3572
14150 3651
14167 3737
14186 3828
14205 3921
14221 4002
14239 4072
14256 4124
14264 4166
14269 4189
14273 4200
14273 4175
