2
31
13122 4513
13122 4513
13099 4551
13067 4594
12983 4681
12935 4734
12891 4791
12840 4852
12799 4910
12763 4966
12734 5013
12713 5055
12699 5092
12692 5115
12692 5130
12708 5141
12734 5146
12771 5147
12823 5147
12890 5146
12967 5145
13048 5145
13129 5145
13203 5142
13325 5138
13363 5138
13390 5134
13390 5134
13399 5112
13390 5087
13348 4995
20
13183 4605
13183 4605
13160 4542
13142 4501
13133 4488
13130 4509
13150 4629
13163 4723
13177 4842
13192 4972
13205 5110
13212 5242
13213 5366
13206 5490
13196 5597
13172 5703
13139 5783
13102 5838
13063 5872
13031 5876
