2
51
9545 2778
9533 2783
9533 2783
9525 2797
9518 2809
9512 2826
9503 2845
9494 2871
9481 2900
9470 2937
9454 2977
9440 3020
9425 3065
9409 3110
9394 3155
9379 3197
9367 3238
9356 3272
9346 3303
9340 3328
9334 3349
9332 3364
9330 3376
9330 3376
9331 3389
9331 3389
9331 3389
9341 3391
9341 3391
9357 3390
9371 3389
9387 3388
9408 3387
9433 3387
9468 3387
9504 3387
9546 3387
9593 3387
9641 3386
9690 3384
9739 3383
9785 3381
9825 3378
9889 3372
9928 3369
9945 3366
9945 3366
9945 3366
9941 3356
9931 3356
9930 3346
33
9785 2964
9783 2983
9781 2996
9776 3016
9773 3038
9770 3064
9764 3093
9759 3125
9751 3163
9743 3199
9733 3242
9708 3317
9695 3359
9682 3403
9669 3444
9656 3485
9644 3523
9634 3560
9625 3598
9618 3635
9611 3661
9605 3683
9601 3699
9597 3712
9597 3712
9594 3725
9594 3725
9594 3725
9594 3725
9594 3725
9603 3707
9603 3707
9612 3684
