2
42
9808 3520
9808 3520
9808 3520
9801 3513
9801 3513
9801 3513
9786 3520
9777 3533
9761 3558
9740 3585
9711 3628
9675 3673
9634 3725
9591 3777
9546 3829
9506 3877
9470 3917
9436 3953
9409 3981
9393 3999
9381 4012
9381 4012
9372 4028
9372 4028
9384 4032
9400 4032
9424 4032
9458 4028
9501 4026
9555 4021
9616 4014
9684 4010
9754 4003
9826 3996
9892 3990
9955 3985
10011 3978
10054 3974
10095 3967
10122 3967
10145 3965
10163 3953
23
9876 3619
9876 3619
9876 3619
9856 3601
9844 3601
9844 3601
9833 3624
9829 3660
9824 3703
9813 3761
9804 3827
9788 3906
9779 3987
9768 4073
9761 4159
9756 4238
9756 4312
9756 4378
9759 4439
9770 4484
9779 4522
9783 4554
9795 4568
