2
44
8415 1312
8424 1296
8424 1287
8424 1287
8417 1303
8411 1332
8397 1366
8377 1411
8354 1472
8323 1538
8284 1617
8241 1691
8196 1763
8151 1833
8106 1897
8065 1948
8029 1987
8000 2018
7979 2041
7964 2057
7952 2070
7952 2070
7950 2082
7950 2082
7970 2086
7991 2086
8024 2086
8067 2086
8124 2086
8189 2079
8266 2075
8350 2070
8440 2064
8535 2057
8627 2052
8713 2048
8792 2043
8860 2043
8919 2039
8961 2039
8995 2037
9016 2037
9016 2037
9016 2037
21
8512 1443
8494 1409
8483 1404
8467 1404
8460 1420
8449 1459
8440 1513
8426 1585
8413 1671
8397 1772
8383 1885
8368 2007
8359 2125
8352 2235
8347 2337
8347 2427
8347 2502
8352 2560
8361 2603
8361 2630
8361 2630
