2
36
8849 3777
8833 3773
8833 3773
8808 3802
8790 3827
8763 3865
8733 3908
8695 3962
8659 4019
8618 4082
8578 4139
8542 4188
8512 4233
8487 4272
8467 4299
8456 4321
8447 4335
8444 4346
8444 4346
8449 4355
8449 4355
8474 4355
8501 4355
8535 4355
8582 4353
8643 4346
8713 4339
8790 4333
8869 4326
8946 4317
9018 4312
9086 4306
9140 4306
9183 4299
9219 4294
9241 4294
26
9007 3942
8980 3908
8966 3901
8955 3897
8955 3897
8937 3897
8932 3906
8923 3926
8914 3953
8898 3994
8885 4044
8867 4107
8851 4179
8833 4260
8819 4342
8806 4423
8799 4498
8792 4568
8792 4626
8797 4676
8797 4710
8806 4735
8806 4753
8806 4764
8806 4764
8817 4757
