2
45
6891 2888
6891 2888
6891 2888
6891 2906
6882 2924
6866 2955
6848 3001
6826 3053
6798 3111
6769 3177
6737 3242
6708 3305
6677 3364
6647 3414
6620 3461
6597 3500
6577 3536
6564 3567
6548 3592
6539 3610
6530 3626
6525 3635
6525 3635
6525 3635
6530 3646
6541 3646
6559 3646
6586 3642
6622 3642
6670 3637
6726 3633
6789 3626
6859 3619
6932 3612
7002 3606
7069 3599
7133 3594
7185 3590
7232 3583
7270 3583
7302 3579
7320 3579
7331 3572
7343 3565
7343 3565
23
6929 3118
6929 3118
6929 3118
6929 3127
6925 3145
6925 3177
6920 3215
6920 3267
6916 3333
6909 3412
6905 3500
6900 3592
6893 3685
6889 3780
6884 3868
6880 3951
6880 4023
6880 4080
6880 4120
6880 4150
6880 4170
6880 4170
6880 4170
