2
40
3299 4669
3287 4676
3287 4676
3287 4676
3287 4676
3287 4676
3274 4683
3265 4694
3251 4708
3233 4728
3208 4750
3184 4778
3157 4802
3129 4832
3105 4857
3084 4881
3066 4902
3055 4917
3048 4931
3048 4931
3048 4942
3048 4942
3066 4949
3084 4949
3111 4949
3147 4949
3188 4949
3236 4949
3290 4945
3346 4942
3400 4940
3452 4936
3500 4931
3540 4927
3574 4922
3599 4922
3622 4915
3637 4915
3646 4915
3658 4913
17
3416 4762
3394 4737
3380 4732
3380 4732
3371 4721
3371 4721
3371 4721
3360 4746
3355 4768
3346 4800
3337 4838
3326 4884
3315 4938
3306 4990
3294 5051
3281 5105
3281 5146
