2
36
15008 5029
14972 5072
14949 5099
14920 5135
14891 5173
14855 5219
14818 5261
14778 5311
14739 5359
14696 5411
14658 5460
14622 5510
14593 5553
14568 5596
14552 5630
14547 5661
14552 5688
14570 5711
14602 5727
14642 5738
14692 5745
14751 5749
14816 5749
14888 5742
14961 5736
15035 5724
15105 5711
15168 5697
15220 5681
15263 5666
15297 5652
15320 5632
15329 5616
15324 5593
15324 5566
15313 5537
25
15162 5241
15112 5302
15074 5334
15044 5370
15008 5417
14976 5467
14934 5526
14891 5591
14845 5666
14800 5742
14755 5822
14712 5898
14676 5975
14649 6045
14626 6106
14613 6151
14608 6185
14608 6210
14615 6221
14626 6223
14645 6221
14663 6210
14687 6187
14721 6156
14755 6117
