2
51
10942 5054
10942 5054
10942 5054
10939 5045
10928 5036
10928 5036
10928 5036
10919 5045
10908 5063
10896 5083
10878 5117
10856 5155
10829 5205
10799 5259
10759 5322
10725 5390
10686 5465
10650 5546
10614 5627
10585 5709
10560 5790
10540 5862
10533 5932
10526 5989
10526 6036
10537 6072
10549 6097
10571 6113
10598 6124
10635 6129
10677 6129
10727 6129
10786 6117
10854 6104
10928 6086
11003 6063
11073 6036
11145 6007
11213 5980
11274 5948
11325 5919
11368 5892
11405 5867
11434 5846
11456 5828
11472 5815
11488 5799
11493 5790
11499 5776
11504 5761
11504 5742
33
11298 5228
11298 5228
11298 5228
11267 5275
11240 5313
11215 5356
11185 5415
11156 5478
11120 5557
11084 5641
11046 5736
11009 5831
10971 5937
10937 6047
10908 6167
10885 6284
10865 6393
10851 6490
10842 6576
10838 6652
10838 6709
10838 6750
10838 6777
10838 6790
10838 6790
10838 6790
10838 6790
10838 6790
10854 6777
10863 6761
10881 6736
10910 6700
10939 6659
