2
49
17621 4550
17621 4550
17621 4550
17621 4550
17621 4550
17621 4550
17621 4577
17621 4604
17595 4630
17595 4657
17568 4709
17542 4763
17515 4789
17436 4868
17383 4921
17303 4974
17224 5027
17146 5079
17093 5133
17040 5186
17012 5212
16987 5212
16987 5212
16987 5212
16987 5212
17012 5212
17040 5212
17093 5212
17146 5212
17199 5212
17277 5238
17356 5238
17462 5238
17568 5238
17674 5238
17780 5238
17886 5238
17965 5212
18071 5212
18124 5212
18204 5212
18257 5212
18310 5212
18335 5212
18363 5212
18363 5212
18363 5186
18335 5186
18310 5159
22
17912 4630
17912 4630
17912 4630
17860 4630
17860 4630
17833 4630
17833 4630
17833 4657
17807 4683
17807 4709
17807 4763
17807 4815
17807 4921
17780 5027
17780 5159
17754 5318
17754 5451
17754 5556
17727 5689
17727 5767
17727 5847
17727 5926
