2
34
21511 4313
21458 4365
21405 4392
21378 4419
21325 4471
21299 4524
21272 4577
21219 4657
21193 4709
21140 4789
21061 4868
20981 4948
20875 5027
20797 5133
20744 5186
20691 5265
20638 5318
20611 5345
20611 5371
20638 5371
20691 5397
20744 5397
20850 5371
20981 5371
21114 5345
21246 5345
21378 5345
21511 5318
21643 5318
21749 5318
21855 5318
21934 5292
21987 5292
22040 5265
17
21537 4577
21511 4577
21484 4577
21458 4630
21431 4683
21405 4789
21405 4921
21378 5079
21352 5212
21352 5371
21352 5503
21352 5609
21352 5715
21352 5821
21352 5900
21378 5980
21378 6006
