2
34
8413 7672
8387 7752
8360 7779
8307 7831
8281 7885
8228 7938
8203 7990
8176 8016
8123 8070
8097 8123
8044 8175
8017 8229
7991 8255
7964 8281
7938 8308
7938 8308
7964 8308
7991 8308
8017 8308
8097 8281
8150 8281
8228 8255
8307 8255
8387 8229
8440 8229
8519 8202
8599 8202
8652 8202
8731 8202
8784 8202
8811 8202
8837 8202
8864 8202
8890 8202
18
8519 7858
8493 7858
8493 7858
8493 7858
8493 7885
8519 7911
8519 7964
8546 8044
8572 8149
8599 8229
8625 8308
8625 8414
8625 8467
8652 8546
8652 8599
8652 8625
8652 8678
8652 8678
