2
38
12879 2106
12879 2106
12879 2106
12886 2120
12889 2138
12880 2160
12867 2186
12850 2219
12826 2255
12800 2295
12769 2329
12740 2367
12709 2399
12683 2427
12662 2450
12647 2469
12635 2483
12635 2483
12638 2503
12638 2503
12668 2512
12693 2515
12727 2515
12767 2515
12814 2515
12867 2513
12921 2510
12978 2509
13030 2509
13084 2509
13134 2509
13177 2510
13218 2515
13245 2516
13265 2518
13280 2525
13280 2525
13280 2525
16
13049 2136
13049 2136
13049 2156
13042 2172
13036 2198
13036 2234
13031 2272
13031 2320
13027 2364
13027 2415
13024 2460
13022 2504
13024 2537
13033 2573
13039 2598
13055 2625
