2
35
19645 2253
19645 2234
19645 2234
19645 2234
19645 2238
19645 2261
19625 2296
19586 2354
19520 2432
19440 2525
19328 2637
19229 2742
19162 2815
19129 2866
19123 2885
19129 2893
19156 2901
19222 2889
19315 2870
19427 2850
19539 2839
19652 2839
19758 2854
19870 2862
19956 2870
20042 2878
20095 2874
20115 2874
20122 2870
20122 2870
20122 2870
20122 2870
20122 2870
20122 2870
20122 2870
25
19751 2300
19751 2296
19751 2296
19751 2296
19751 2304
19745 2354
19725 2435
19711 2536
19692 2660
19685 2796
19672 2936
19652 3075
19632 3203
19612 3331
19592 3428
19579 3506
19573 3560
19566 3579
19573 3595
19573 3595
19573 3595
19573 3595
19573 3595
19573 3595
19573 3595
