2
29
12250 1160
12250 1167
12230 1214
12204 1295
12158 1412
12091 1532
12025 1656
11959 1753
11893 1838
11860 1877
11853 1889
11853 1892
11853 1892
11886 1885
11966 1861
12065 1834
12158 1823
12263 1827
12363 1846
12442 1865
12508 1885
12554 1896
12581 1904
12594 1900
12594 1900
12594 1900
12594 1900
12594 1900
12594 1900
18
12283 1330
12277 1338
12270 1353
12270 1408
12270 1505
12270 1637
12277 1780
12270 1924
12257 2055
12244 2152
12244 2230
12244 2276
12257 2296
12257 2296
12257 2296
12257 2296
12257 2296
12257 2296
