2
37
13302 1710
13302 1710
13302 1710
13295 1683
13289 1671
13289 1668
13289 1660
13289 1660
13275 1683
13229 1757
13143 1869
13044 2013
12918 2172
12799 2319
12726 2416
12693 2466
12687 2486
12693 2497
12713 2505
12753 2501
12826 2486
12925 2466
13018 2451
13130 2447
13269 2455
13421 2459
13567 2463
13679 2463
13758 2463
13785 2459
13791 2451
13791 2451
13791 2451
13791 2451
13791 2451
13791 2451
13791 2451
25
13454 1780
13454 1780
13454 1780
13434 1784
13421 1788
13408 1792
13401 1811
13395 1858
13388 1935
13388 2040
13368 2172
13348 2327
13328 2474
13322 2610
13322 2719
13328 2792
13335 2854
13342 2889
13355 2916
13355 2916
13355 2916
13355 2916
13355 2916
13355 2916
13355 2916
