2
33
18183 1671
18183 1671
18183 1668
18190 1668
18190 1668
18190 1668
18183 1675
18164 1737
18104 1827
18051 1927
18005 2013
17965 2079
17952 2110
17952 2121
17959 2125
17972 2121
17998 2110
18045 2086
18098 2071
18177 2067
18243 2071
18303 2083
18369 2086
18422 2086
18475 2071
18527 2055
18547 2048
18547 2048
18547 2048
18547 2048
18547 2048
18547 2048
18547 2048
21
18256 1726
18256 1726
18256 1730
18263 1745
18263 1788
18256 1865
18243 1962
18223 2075
18197 2183
18177 2269
18177 2350
18177 2416
18190 2459
18217 2482
18243 2494
18276 2482
18276 2482
18276 2482
18276 2482
18276 2482
18276 2482
