2
30
14587 2259
14608 2258
14620 2258
14612 2280
14585 2311
14554 2356
14508 2410
14458 2476
14400 2547
14338 2619
14281 2695
14230 2755
14189 2803
14161 2838
14146 2861
14144 2871
14161 2874
14197 2866
14253 2856
14323 2846
14493 2823
14587 2813
14683 2805
14771 2800
14845 2794
14902 2796
14938 2792
14962 2780
14971 2768
14964 2743
18
14651 2301
14631 2284
14620 2277
14612 2286
14614 2315
14618 2356
14624 2415
14637 2493
14650 2580
14663 2677
14677 2780
14688 2872
14698 2958
14701 3021
14706 3066
14709 3090
14709 3090
14709 3090
