2
33
18565 3463
18565 3463
18565 3463
18565 3463
18553 3478
18553 3478
18521 3518
18495 3540
18468 3570
18433 3601
18397 3634
18361 3664
18328 3694
18301 3722
18282 3741
18272 3755
18275 3767
18288 3775
18318 3778
18358 3781
18411 3782
18471 3784
18537 3781
18664 3777
18718 3771
18759 3769
18790 3765
18809 3758
18820 3756
18820 3756
18812 3736
18802 3723
18783 3704
17
18611 3500
18611 3500
18611 3500
18599 3494
18595 3505
18589 3523
18589 3552
18594 3599
18597 3655
18607 3723
18616 3795
18624 3867
18632 3940
18632 4010
18632 4061
18628 4102
18618 4124
