2
43
13705 3016
13705 3016
13705 3016
13811 2937
13837 2911
13811 2884
13811 2857
13811 2884
13784 2937
13758 3016
13731 3148
13652 3307
13574 3492
13493 3678
13415 3810
13335 3943
13282 4021
13229 4075
13203 4128
13176 4154
13150 4180
13123 4180
13123 4180
13123 4207
13150 4207
13176 4207
13229 4180
13309 4180
13415 4180
13521 4154
13652 4154
13784 4154
13917 4128
14049 4128
14182 4154
14341 4154
14446 4154
14579 4180
14685 4180
14791 4207
14897 4207
14975 4207
15054 4233
22
14420 3016
14420 3016
14420 3016
14367 3016
14314 3043
14288 3122
14261 3228
14235 3360
14208 3545
14208 3731
14182 3916
14208 4101
14208 4260
14235 4392
14261 4524
14314 4604
14341 4683
14393 4736
14420 4789
14446 4816
14499 4816
14526 4842
