2
37
10000 3516
9993 3505
9993 3505
9980 3505
9980 3505
9957 3527
9944 3552
9923 3590
9903 3636
9876 3694
9847 3762
9817 3837
9788 3916
9759 3997
9734 4076
9713 4148
9698 4214
9691 4270
9691 4318
9704 4356
9722 4383
9747 4401
9779 4410
9817 4410
9858 4410
9903 4397
9953 4379
10002 4358
10054 4333
10104 4309
10154 4279
10197 4252
10233 4227
10269 4196
10298 4173
10318 4150
10337 4128
23
10230 3751
10160 3805
10131 3839
10104 3889
10081 3936
10059 3997
10038 4058
10018 4128
9996 4205
9973 4288
9959 4372
9941 4453
9928 4528
9917 4595
9910 4652
9903 4695
9903 4722
9912 4735
9912 4735
9939 4722
9955 4706
9975 4674
10007 4629
