2
36
12594 4974
12647 4948
12647 4921
12620 4921
12620 4921
12594 4948
12541 5001
12488 5080
12435 5160
12357 5212
12304 5292
12251 5318
12223 5371
12198 5371
12198 5397
12170 5397
12170 5397
12170 5424
12170 5424
12198 5424
12198 5424
12223 5450
12251 5450
12304 5450
12382 5450
12488 5450
12594 5450
12700 5477
12832 5477
12938 5477
13044 5504
13150 5504
13229 5530
13309 5530
13362 5530
13415 5556
19
12965 5080
12912 5027
12885 5001
12859 4974
12832 5001
12832 5027
12832 5080
12832 5133
12832 5239
12832 5345
12832 5450
12859 5583
12859 5689
12885 5794
12912 5874
12938 5927
12965 5979
12991 6006
13018 6033
