2
17
16.3429 11.0228
16.3429 11.0228
16.3309 11.0308
16.3108 11.0468
16.2867 11.087
16.2546 11.1471
16.2305 11.2194
16.2025 11.2836
16.1904 11.3357
16.1824 11.3678
16.1864 11.3718
16.1984 11.3799
16.2225 11.3839
16.2546 11.3879
16.2747 11.3879
16.3028 11.3839
16.3148 11.3678
16
16.3148 11.3277
16.3148 11.3277
16.3108 11.3237
16.3028 11.3277
16.2988 11.3397
16.2907 11.3558
16.2707 11.3839
16.2626 11.416
16.2546 11.4561
16.2586 11.5043
16.2466 11.5444
16.2426 11.5644
16.2386 11.5805
16.2386 11.5885
16.2426 11.5925
16.2546 11.5965
