1
34
12.6353 15.5408
12.6353 15.5408
12.6474 15.5368
12.6434 15.5368
12.6353 15.5408
12.6313 15.5529
12.6193 15.5809
12.5872 15.6371
12.5671 15.7013
12.5511 15.7455
12.5431 15.7776
12.5471 15.7936
12.5551 15.8016
12.5671 15.8097
12.5992 15.8217
12.6353 15.8257
12.6554 15.8217
12.6674 15.8016
12.6875 15.7816
12.6915 15.7695
12.6915 15.7615
12.6955 15.7575
12.6875 15.7575
12.6795 15.7575
12.6715 15.7655
12.6674 15.7776
12.6514 15.7976
12.6394 15.8217
12.6233 15.8578
12.6153 15.8979
12.6073 15.922
12.6032 15.934
12.6073 15.9381
12.6113 15.9501
