2
42
8295 2714
8295 2714
8295 2714
8295 2714
8295 2714
8280 2739
8268 2757
8250 2786
8228 2815
8203 2858
8176 2899
8144 2944
8117 2989
8088 3034
8063 3073
8038 3111
8015 3143
7997 3174
7984 3195
7970 3213
7964 3226
7964 3238
7964 3238
7988 3238
8018 3233
8056 3224
8103 3215
8158 3204
8219 3193
8280 3183
8341 3177
8402 3170
8456 3165
8505 3165
8542 3165
8575 3165
8598 3165
8618 3165
8618 3165
8630 3163
8630 3163
8623 3147
30
8435 2795
8435 2795
8435 2795
8424 2784
8424 2784
8424 2784
8424 2784
8424 2784
8424 2784
8417 2802
8415 2829
8415 2863
8411 2908
8406 2962
8402 3025
8397 3091
8393 3156
8393 3213
8388 3274
8388 3328
8388 3378
8388 3418
8393 3450
8393 3477
8399 3495
8399 3518
8399 3518
8408 3522
8408 3522
8413 3506
