2
22
15.4441 11.0669
15.4441 11.0669
15.4441 11.0669
15.4361 11.0508
15.4321 11.0468
15.4321 11.0549
15.428 11.0709
15.424 11.111
15.42 11.1672
15.408 11.2274
15.412 11.3036
15.404 11.3638
15.3959 11.412
15.4 11.4641
15.4 11.4842
15.412 11.5043
15.4321 11.5083
15.4642 11.4922
15.5083 11.4962
15.5524 11.4922
15.6006 11.4802
15.6327 11.4681
12
15.5926 11.2916
15.5926 11.2916
15.5926 11.2916
15.5765 11.2956
15.5685 11.3076
15.5605 11.3397
15.5444 11.3999
15.5324 11.4561
15.5284 11.5484
15.5243 11.6086
15.5243 11.6607
15.5003 11.7089
