2
21
7.91665 11.0709
7.91665 11.0709
7.90863 11.0549
7.90461 11.0468
7.90461 11.0549
7.90461 11.0709
7.90863 11.103
7.89659 11.1592
7.88455 11.2394
7.87251 11.3397
7.86048 11.4039
7.85245 11.4601
7.85646 11.4882
7.87653 11.5083
7.90863 11.5163
7.9648 11.5123
8.02499 11.5083
8.08518 11.5002
8.1253 11.4882
8.14938 11.4802
8.17345 11.4722
12
8.01295 11.2796
8.01295 11.2796
8.00493 11.2836
8.00493 11.2916
8.00091 11.3117
8.00091 11.3638
7.9969 11.4401
7.9648 11.5323
7.95678 11.5925
7.94474 11.6567
7.94474 11.7049
7.95678 11.733
