2
20
11.5118 11.0468
11.5118 11.0468
11.5118 11.0468
11.4998 11.0308
11.4998 11.0388
11.5078 11.0629
11.5118 11.1351
11.5038 11.2314
11.4918 11.3076
11.4797 11.3799
11.4717 11.4521
11.4757 11.4962
11.4838 11.5243
11.5038 11.5364
11.5399 11.5484
11.5921 11.5524
11.6603 11.5404
11.7165 11.5243
11.7606 11.5123
11.7887 11.5002
11
11.6804 11.3718
11.6804 11.3718
11.6804 11.3718
11.6683 11.3759
11.6603 11.3919
11.6402 11.424
11.6322 11.4802
11.6322 11.5484
11.6322 11.5885
11.6483 11.6447
11.6723 11.6808
