2
23
10.2439 16.0705
10.2439 16.0705
10.2439 16.0584
10.2519 16.0424
10.2559 16.0183
10.2599 16.0143
10.2599 16.0263
10.2559 16.0504
10.2439 16.1226
10.2198 16.227
10.1877 16.3233
10.1837 16.3875
10.1757 16.4557
10.1877 16.4958
10.2038 16.5038
10.2439 16.5038
10.288 16.4838
10.3322 16.4557
10.3924 16.4396
10.4445 16.4035
10.4887 16.3794
10.5127 16.3594
10.5248 16.3393
12
10.3803 16.2591
10.3803 16.2591
10.3643 16.2591
10.3522 16.2591
10.3562 16.2711
10.3603 16.3152
10.3562 16.3915
10.3282 16.4717
10.3201 16.5439
10.3201 16.6041
10.3241 16.6443
10.3402 16.6603
