2
43
16037 1696
16037 1696
16037 1669
16031 1643
16025 1619
16025 1606
16014 1591
16014 1591
16014 1591
16003 1621
15984 1649
15957 1692
15918 1746
15871 1812
15818 1882
15765 1958
15715 2028
15675 2090
15642 2144
15624 2188
15619 2219
15630 2242
15655 2257
15696 2268
15749 2274
15815 2277
15896 2275
15987 2271
16086 2266
16192 2260
16293 2255
16385 2251
16460 2248
16524 2246
16570 2246
16605 2246
16623 2248
16623 2248
16608 2249
16581 2249
16552 2246
16510 2240
16471 2230
22
16187 1817
16187 1817
16169 1794
16154 1775
16142 1761
16126 1753
16120 1767
16100 1790
16092 1835
16079 1895
16067 1974
16049 2064
16031 2164
16009 2259
15990 2360
15979 2456
15960 2539
15952 2617
15943 2676
15942 2723
15948 2755
15958 2777
