2
28
15155 2899
15175 2870
15175 2870
15168 2922
15135 2987
15096 3057
15053 3143
15008 3231
14967 3321
14934 3405
14909 3475
14897 3522
14897 3554
14918 3570
14949 3570
14997 3561
15058 3542
15125 3518
15207 3491
15290 3463
15372 3434
15448 3414
15516 3393
15568 3380
15615 3364
15649 3355
15663 3346
15672 3333
17
15324 2892
15293 3001
15281 3082
15270 3174
15263 3281
15245 3403
15229 3527
15216 3651
15207 3764
15200 3868
15198 3956
15202 4030
15209 4089
15223 4125
15250 4143
15279 4145
15315 4136
