2
33
13784 4168
13784 4168
13784 4168
13829 4136
13841 4130
13841 4130
13841 4145
13820 4177
13793 4213
13757 4265
13719 4321
13680 4382
13642 4446
13608 4502
13583 4552
13570 4592
13570 4619
13583 4635
13613 4642
13660 4642
13719 4638
13791 4631
13875 4622
13969 4608
14071 4597
14170 4583
14256 4574
14335 4563
14392 4558
14439 4547
14462 4536
14462 4536
14446 4516
22
14103 4021
14103 4021
14103 4021
14103 4032
14109 4050
14116 4080
14121 4125
14127 4172
14123 4236
14123 4306
14118 4391
14114 4486
14109 4595
14109 4708
14105 4827
14105 4942
14105 5044
14100 5141
14107 5218
14107 5279
14107 5322
14114 5342
