2
33
10465 1946
10483 1926
10495 1917
10495 1917
10488 1933
10479 1946
10463 1967
10445 1989
10422 2021
10400 2052
10377 2086
10357 2116
10341 2145
10330 2167
10325 2188
10325 2199
10325 2199
10348 2210
10370 2210
10397 2210
10434 2210
10472 2210
10513 2206
10553 2201
10594 2197
10630 2195
10664 2188
10686 2183
10707 2172
10716 2163
10716 2152
10716 2136
10709 2120
23
10603 1973
10603 1973
10603 1973
10603 1973
10612 1962
10612 1962
10612 1976
10610 1991
10610 2012
10610 2046
10610 2084
10605 2136
10605 2195
10610 2258
10614 2323
10619 2382
10623 2432
10630 2475
10630 2508
10630 2524
10630 2524
10630 2524
10630 2497
