2
32
8799 3597
8812 3601
8806 3617
8790 3640
8767 3669
8733 3712
8693 3761
8648 3818
8602 3877
8560 3935
8523 3987
8496 4030
8481 4062
8469 4089
8469 4105
8472 4118
8487 4123
8512 4127
8546 4127
8591 4127
8645 4127
8711 4120
8779 4114
8849 4107
8914 4098
8980 4087
9029 4078
9079 4057
9111 4044
9126 4030
9138 4010
9138 3992
19
8932 3728
8919 3719
8919 3719
8916 3732
8910 3759
8910 3784
8901 3818
8894 3859
8882 3908
8873 3965
8864 4030
8858 4100
8858 4170
8862 4236
8876 4292
8889 4342
8916 4369
8950 4373
8986 4364
