2
31
10411 1229
10396 1221
10379 1229
10339 1262
10311 1295
10282 1331
10252 1371
10216 1422
10180 1474
10147 1530
10116 1583
10092 1632
10072 1673
10060 1709
10054 1741
10059 1765
10071 1787
10093 1801
10120 1820
10162 1833
10212 1851
10269 1863
10334 1875
10474 1884
10546 1883
10620 1876
10681 1872
10740 1860
10793 1851
10828 1844
10860 1834
15
10643 967
10623 938
10594 937
10567 955
10539 993
10504 1116
10500 1206
10503 1303
10513 1417
10529 1525
10567 1745
10595 1970
10609 2068
10622 2156
10625 2230
