2
28
13213 6202
13213 6202
13174 6200
13138 6200
13109 6201
13068 6220
13058 6240
13057 6276
13062 6321
13070 6380
13086 6445
13105 6515
13132 6588
13162 6655
13202 6716
13246 6767
13296 6806
13349 6835
13403 6855
13456 6866
13505 6871
13549 6871
13582 6870
13613 6857
13634 6839
13644 6815
13647 6778
13641 6731
19
13522 6392
13522 6392
13504 6385
13484 6399
13463 6432
13443 6473
13425 6537
13400 6694
13391 6787
13384 6882
13379 6981
13376 7073
13375 7160
13375 7236
13370 7307
13368 7361
13369 7400
13366 7420
13366 7420
