2
37
9619 2815
9619 2815
9625 2803
9625 2803
9625 2803
9613 2815
9601 2841
9589 2874
9565 2924
9544 2978
9513 3042
9485 3107
9457 3173
9435 3235
9417 3289
9404 3362
9413 3383
9430 3399
9460 3409
9502 3413
9555 3415
9619 3415
9760 3410
9839 3405
9917 3399
9992 3392
10063 3384
10127 3377
10183 3369
10238 3362
10280 3356
10307 3351
10334 3344
10347 3339
10352 3328
10352 3309
10342 3285
29
10149 2832
10149 2832
10131 2822
10123 2810
10108 2805
10095 2797
10095 2797
10075 2811
10067 2830
10024 2903
10001 2957
9980 3016
9962 3086
9930 3222
9919 3295
9919 3365
9919 3427
9919 3485
9919 3535
9919 3582
9919 3624
9920 3669
9919 3702
9919 3752
9927 3764
9934 3776
9948 3776
9970 3760
9994 3736
