2
33
12841 2209
12841 2209
12841 2209
12833 2220
12833 2220
12833 2220
12834 2230
12834 2230
12837 2254
12837 2272
12836 2299
12834 2326
12832 2358
12833 2390
12833 2422
12838 2450
12844 2476
12857 2495
12874 2510
12896 2521
12922 2529
12952 2534
12986 2538
13022 2540
13059 2540
13096 2540
13133 2538
13165 2536
13198 2528
13227 2521
13243 2512
13253 2497
13253 2483
18
13051 2267
13051 2267
13032 2277
13032 2277
13012 2291
13008 2306
13009 2324
13008 2350
13008 2380
13002 2422
12998 2463
12988 2512
12970 2603
12962 2645
12949 2705
12946 2729
12947 2740
12947 2740
