2
37
13519 4703
13516 4726
13517 4739
13510 4780
13512 4807
13510 4845
13511 4886
13509 4936
13509 4985
13509 5038
13514 5091
13519 5137
13529 5176
13539 5208
13553 5232
13571 5248
13594 5255
13621 5255
13653 5248
13688 5235
13731 5220
13776 5201
13823 5183
13873 5163
13923 5144
13972 5125
14060 5098
14096 5088
14128 5080
14154 5074
14177 5070
14193 5068
14206 5065
14206 5065
14218 5061
14218 5061
14204 5056
22
13842 4760
13842 4760
13842 4760
13831 4758
13836 4785
13843 4812
13845 4852
13850 4897
13851 4955
13852 5018
13853 5086
13852 5155
13851 5219
13850 5276
13849 5326
13848 5367
13850 5395
13851 5417
13851 5417
13869 5424
13881 5417
13897 5401
