1
105
9404 5512
9404 5512
9404 5512
9404 5512
9404 5512
9404 5512
9404 5512
9403 5530
9400 5540
9393 5554
9385 5571
9373 5590
9361 5612
9344 5638
9330 5660
9288 5701
9278 5715
9264 5727
9253 5738
9253 5738
9253 5738
9253 5738
9268 5726
9268 5726
9284 5718
9284 5718
9299 5716
9310 5718
9320 5724
9332 5732
9345 5741
9360 5751
9373 5765
9387 5778
9400 5791
9414 5805
9427 5820
9439 5834
9449 5848
9460 5862
9472 5874
9482 5884
9493 5890
9504 5894
9515 5892
9525 5889
9537 5881
9546 5870
9555 5857
9562 5842
9570 5824
9576 5805
9580 5787
9585 5767
9588 5748
9593 5729
9599 5712
9603 5695
9608 5680
9613 5666
9618 5653
9622 5641
9623 5630
9623 5620
9623 5620
9620 5603
9620 5603
9615 5592
9615 5592
9615 5592
9615 5592
9605 5598
9603 5610
9600 5625
9593 5643
9587 5665
9580 5690
9572 5718
9565 5749
9558 5783
9550 5820
9543 5857
9537 5897
9532 5937
9527 5975
9522 6015
9518 6052
9512 6087
9510 6120
9505 6171
9504 6191
9504 6207
9503 6217
9503 6217
9501 6238
9501 6238
9501 6238
9501 6238
9501 6238
9501 6238
9501 6238
9501 6225
9503 6210
9514 6197
9528 6184
