1
68
6277 4729
6287 4732
6287 4732
6287 4732
6287 4732
6300 4733
6300 4733
6300 4733
6297 4750
6297 4750
6279 4780
6270 4792
6260 4801
6250 4811
6250 4811
6235 4822
6235 4822
6235 4822
6235 4822
6235 4822
6235 4822
6250 4824
6250 4824
6268 4824
6279 4824
6290 4824
6301 4824
6313 4824
6322 4834
6333 4845
6344 4855
6354 4866
6371 4888
6379 4898
6383 4908
6383 4908
6383 4908
6393 4885
6393 4874
6394 4853
6394 4843
6394 4833
6395 4823
6395 4823
6395 4823
6395 4813
6395 4813
6395 4813
6395 4801
6395 4801
6395 4801
6395 4801
6395 4801
6395 4813
6394 4825
6394 4841
6394 4858
6394 4877
6393 4897
6393 4918
6393 4942
6393 4966
6393 4995
6393 4995
6392 5011
6392 5011
6392 5011
6387 4983
