1
108
8581 3317
8581 3317
8581 3317
8581 3317
8581 3317
8581 3317
8586 3334
8575 3355
8555 3379
8555 3379
8535 3400
8525 3416
8514 3435
8511 3452
8500 3469
8495 3485
8490 3500
8485 3516
8481 3531
8481 3531
8474 3541
8474 3541
8474 3541
8474 3541
8487 3542
8487 3542
8496 3549
8510 3555
8524 3564
8539 3576
8555 3588
8573 3602
8588 3616
8608 3629
8627 3641
8639 3651
8651 3659
8661 3664
8661 3664
8677 3672
8677 3672
8690 3674
8690 3674
8703 3671
8703 3671
8711 3661
8711 3661
8718 3645
8722 3634
8724 3620
8726 3606
8726 3590
8727 3572
8725 3520
8726 3498
8724 3476
8724 3457
8724 3440
8725 3423
8724 3409
8724 3409
8724 3409
8722 3394
8722 3394
8722 3383
8722 3383
8722 3383
8722 3383
8722 3383
8722 3383
8722 3383
8717 3394
8717 3394
8711 3404
8709 3419
8708 3435
8705 3453
8701 3473
8698 3495
8694 3520
8690 3549
8686 3580
8682 3605
8677 3630
8673 3656
8667 3682
8664 3707
8658 3733
8655 3757
8651 3781
8647 3804
8643 3827
8641 3846
8639 3864
8638 3878
8636 3890
8634 3900
8634 3900
8632 3914
8632 3914
8632 3914
8632 3914
8625 3925
8625 3925
8625 3925
8625 3925
8625 3925
8612 3932
