1
88
9075 4694
9073 4680
9073 4680
9073 4680
9073 4680
9073 4680
9073 4680
9073 4680
9073 4680
9072 4696
9072 4706
9064 4724
9058 4740
9030 4777
9013 4792
8996 4814
8980 4835
8963 4853
8951 4865
8940 4875
8940 4875
8940 4875
8940 4875
8944 4865
8956 4856
8970 4854
8985 4854
9001 4856
9019 4869
9038 4885
9054 4901
9072 4921
9087 4942
9103 4955
9116 4969
9130 4980
9142 4987
9156 4994
9168 4997
9178 4997
9188 4996
9202 4990
9202 4990
9209 4976
9209 4976
9211 4955
9212 4917
9212 4897
9212 4875
9212 4852
9212 4829
9212 4805
9213 4787
9213 4777
9213 4767
9213 4767
9213 4756
9213 4756
9213 4756
9213 4770
9213 4790
9212 4810
9211 4833
9209 4861
9205 4893
9201 4928
9194 4965
9188 5005
9182 5051
9176 5092
9170 5131
9166 5168
9162 5202
9161 5233
9162 5260
9163 5282
9163 5299
9165 5312
9165 5312
9167 5327
9167 5327
9167 5327
9167 5327
9167 5327
9167 5327
9166 5306
9165 5293
9167 5273
