2
34
9111 2554
9111 2554
9109 2540
9109 2540
9088 2563
9075 2581
9052 2610
9034 2640
9014 2673
8998 2705
8982 2739
8971 2766
8962 2789
8960 2802
8962 2813
8962 2813
8978 2827
8991 2827
9009 2829
9032 2829
9061 2829
9093 2827
9131 2827
9174 2822
9217 2822
9260 2822
9300 2822
9337 2822
9368 2822
9389 2827
9407 2827
9420 2827
9420 2827
9416 2811
17
9192 2337
9192 2337
9172 2380
9167 2418
9156 2470
9151 2524
9145 2594
9145 2664
9145 2741
9149 2809
9158 2874
9165 2933
9181 2981
9192 3023
9208 3057
9228 3073
9242 3082
