2
27
14278 5814
14288 5800
14296 5790
14296 5790
14290 5803
14247 5864
14224 5907
14194 5956
14164 6007
14133 6060
14106 6110
14069 6180
14059 6202
14055 6218
14060 6228
14096 6236
14130 6236
14176 6236
14236 6236
14300 6236
14368 6236
14435 6236
14499 6235
14555 6235
14625 6234
14625 6234
14630 6219
18
14522 5875
14525 5859
14525 5859
14513 5870
14500 5899
14486 5941
14458 6050
14446 6118
14431 6196
14419 6275
14408 6352
14399 6423
14396 6483
14392 6540
14398 6583
14413 6601
14434 6601
14464 6578
