2
37
9535 4878
9535 4878
9540 4862
9550 4845
9550 4832
9550 4832
9550 4832
9535 4848
9526 4873
9512 4903
9499 4941
9478 4985
9458 5040
9433 5100
9410 5155
9385 5210
9333 5313
9295 5392
9270 5442
9270 5457
9279 5467
9303 5471
9330 5474
9374 5472
9424 5470
9492 5466
9560 5460
9635 5453
9711 5446
9787 5437
9858 5428
9922 5421
9976 5411
10020 5405
10048 5400
10068 5388
10076 5378
18
9923 4763
9923 4763
9923 4763
9905 4794
9895 4837
9887 4904
9876 4984
9862 5079
9847 5178
9831 5283
9815 5394
9802 5491
9788 5582
9782 5651
9781 5707
9780 5752
9788 5779
9798 5793
