2
48
8731 3980
8731 3980
8727 3993
8721 4010
8713 4032
8703 4058
8689 4091
8674 4129
8658 4173
8640 4221
8600 4334
8581 4395
8545 4520
8514 4636
8502 4691
8495 4737
8480 4807
8478 4834
8472 4856
8470 4874
8468 4888
8468 4888
8466 4903
8466 4903
8467 4914
8467 4914
8467 4914
8480 4917
8480 4917
8510 4919
8530 4919
8550 4919
8579 4917
8613 4916
8654 4912
8760 4900
8878 4888
8999 4878
9103 4872
9148 4877
9188 4877
9252 4877
9276 4883
9298 4883
9336 4879
9346 4874
9357 4861
9357 4861
32
9027 4254
9027 4254
9029 4275
9028 4306
9027 4339
9023 4383
9019 4431
9015 4486
9010 4543
9001 4660
8997 4722
8994 4785
8990 4844
8988 4901
8987 4958
8985 5012
8985 5069
8984 5123
8984 5172
8984 5217
8985 5259
8988 5296
8989 5327
8993 5355
8995 5374
8998 5390
9000 5400
9000 5400
9004 5410
9004 5410
9009 5400
9009 5400
