2
36
8041 4384
8009 4396
7989 4413
7966 4434
7932 4460
7842 4535
7795 4579
7747 4632
7703 4684
7662 4731
7628 4771
7602 4805
7588 4834
7581 4857
7579 4874
7598 4890
7624 4894
7661 4894
7700 4894
7747 4889
7797 4884
7853 4877
7910 4868
7968 4860
8018 4851
8064 4842
8106 4833
8143 4825
8172 4819
8193 4813
8209 4808
8209 4808
8223 4789
8223 4789
8213 4768
8200 4754
16
7958 4510
7943 4486
7926 4476
7926 4476
7919 4516
7919 4551
7922 4607
7925 4665
7933 4744
7942 4819
7971 4972
7987 5043
8003 5103
8026 5160
8044 5201
8069 5240
