2
39
15363 3582
15397 3573
15412 3566
15416 3576
15400 3588
15372 3613
15329 3644
15274 3684
15210 3733
15139 3789
14980 3911
14905 3973
14837 4030
14784 4081
14743 4124
14710 4162
14687 4191
14677 4218
14687 4250
14713 4258
14749 4263
14801 4266
14865 4268
14939 4269
15024 4270
15111 4269
15284 4265
15365 4264
15435 4263
15497 4261
15545 4258
15586 4253
15616 4249
15642 4241
15662 4236
15662 4236
15669 4209
15666 4198
15650 4170
20
15302 3694
15287 3678
15287 3678
15283 3702
15282 3732
15285 3782
15285 3852
15291 3938
15292 4039
15300 4151
15304 4265
15311 4385
15316 4500
15325 4602
15333 4689
15338 4758
15348 4815
15361 4864
15371 4897
15388 4919
