2
43
12629 4649
12629 4649
12629 4649
12620 4661
12614 4675
12605 4695
12581 4740
12567 4770
12552 4804
12536 4839
12521 4872
12508 4905
12497 4934
12489 4964
12483 4988
12478 5007
12475 5020
12474 5031
12474 5031
12480 5044
12480 5044
12494 5049
12506 5050
12523 5052
12542 5054
12570 5055
12634 5056
12670 5059
12710 5060
12750 5062
12793 5063
12833 5066
12871 5067
12904 5068
12932 5069
12955 5069
12972 5069
12986 5068
12986 5068
12986 5068
12986 5068
12986 5068
12975 5059
16
12780 4728
12774 4758
12771 4778
12766 4804
12766 4833
12757 4903
12750 4987
12742 5081
12736 5173
12734 5252
12732 5308
12731 5337
12731 5337
12736 5320
12736 5310
12745 5292
