2
36
18440 3688
18440 3688
18425 3703
18412 3728
18384 3759
18351 3802
18308 3854
18255 3914
18195 3982
18129 4053
18060 4120
17994 4185
17937 4240
17888 4284
17852 4319
17821 4363
17829 4373
17855 4380
17948 4384
18082 4379
18159 4373
18242 4367
18321 4361
18401 4358
18475 4352
18543 4349
18604 4346
18658 4345
18701 4341
18734 4337
18761 4333
18773 4322
18781 4311
18780 4297
18761 4277
18737 4252
18
18397 3852
18397 3852
18378 3820
18366 3803
18353 3798
18341 3811
18325 3910
18319 3986
18315 4070
18315 4166
18317 4264
18325 4368
18338 4467
18357 4560
18381 4650
18405 4734
18424 4810
18450 4942
