2
47
14655 1578
14665 1562
14678 1557
14678 1557
14678 1557
14660 1560
14637 1574
14601 1595
14551 1625
14491 1661
14426 1704
14354 1756
14276 1811
14202 1871
14134 1927
14075 1978
14024 2023
13985 2063
13953 2095
13931 2119
13915 2138
13908 2150
13906 2160
13906 2160
13930 2172
13956 2173
13990 2173
14033 2171
14087 2165
14153 2160
14227 2152
14310 2144
14392 2138
14550 2129
14630 2125
14708 2125
14773 2123
14832 2122
14885 2121
14930 2119
14971 2119
15010 2113
15036 2110
15051 2101
15058 2090
15065 2078
15057 2060
20
14663 1596
14641 1571
14630 1559
14617 1547
14604 1547
14594 1572
14594 1615
14593 1682
14596 1765
14606 1961
14614 2074
14625 2194
14637 2305
14651 2403
14667 2485
14677 2552
14692 2618
14703 2670
14710 2709
14728 2757
