2
34
9804 4086
9804 4086
9794 4080
9774 4087
9749 4109
9715 4144
9678 4194
9641 4262
9603 4336
9564 4417
9529 4500
9475 4652
9459 4718
9449 4771
9448 4810
9453 4840
9471 4860
9536 4866
9582 4866
9635 4857
9695 4848
9751 4837
9814 4828
9870 4817
9920 4815
9960 4815
9992 4814
10020 4812
10035 4812
10053 4804
10053 4804
10054 4775
10048 4735
10035 4680
19
9922 4216
9922 4216
9903 4166
9888 4133
9876 4116
9865 4143
9862 4195
9868 4259
9874 4340
9892 4527
9900 4630
9908 4729
9921 4821
9933 4966
9945 5018
9962 5068
9977 5101
10001 5117
10028 5121
