2
30
15613 3529
15564 3574
15508 3627
15446 3689
15380 3757
15312 3829
15249 3896
15193 3970
15146 4042
15109 4109
15085 4170
15075 4222
15078 4265
15094 4302
15121 4333
15158 4356
15208 4376
15266 4389
15329 4399
15398 4405
15467 4409
15537 4409
15603 4409
15660 4405
15704 4403
15739 4395
15766 4390
15772 4371
15767 4345
15750 4312
19
15507 3795
15495 3749
15484 3725
15484 3725
15477 3775
15480 3838
15483 3927
15494 4030
15520 4272
15539 4393
15556 4500
15573 4587
15589 4656
15607 4704
15618 4740
15632 4753
15647 4743
15660 4714
15683 4662
