2
40
10111 4964
10100 4983
10092 5001
10080 5024
10065 5057
10049 5094
10009 5187
9977 5286
9951 5374
9944 5407
9934 5435
9934 5457
9933 5471
9933 5481
9941 5491
9953 5490
9963 5488
9977 5485
9996 5485
10021 5482
10050 5481
10084 5479
10125 5479
10168 5477
10212 5476
10257 5475
10302 5474
10343 5472
10384 5471
10419 5470
10451 5470
10475 5470
10495 5471
10511 5474
10522 5475
10522 5475
10533 5477
10533 5477
10533 5477
10533 5477
23
10320 5145
10307 5178
10299 5212
10288 5252
10277 5293
10268 5335
10257 5380
10248 5422
10237 5466
10228 5506
10218 5546
10211 5582
10203 5615
10197 5643
10192 5669
10189 5689
10185 5703
10183 5714
10183 5714
10183 5714
10181 5725
10186 5715
10186 5715
