2
29
12965 1931
12965 1931
12965 1931
12978 1931
12991 1931
13011 1942
13031 1973
13018 2039
12978 2125
12885 2233
12766 2338
12647 2408
12568 2442
12521 2462
12535 2470
12581 2477
12654 2485
12760 2493
12879 2505
12998 2524
13117 2543
13209 2559
13269 2570
13302 2574
13302 2574
13302 2574
13302 2574
13302 2574
13302 2574
20
13249 2051
13249 2051
13249 2051
13249 2043
13256 2039
13256 2039
13256 2066
13223 2159
13150 2299
13084 2450
13011 2594
12958 2722
12925 2822
12918 2915
12925 3001
12925 3001
12925 3001
12925 3001
12925 3001
12925 3001
