2
37
15665 2811
15665 2811
15658 2834
15645 2858
15629 2892
15602 2935
15568 2987
15523 3046
15471 3109
15412 3172
15356 3229
15295 3283
15241 3326
15191 3364
15153 3389
15121 3412
15105 3425
15098 3434
15098 3434
15121 3443
15148 3443
15186 3443
15234 3439
15288 3439
15354 3432
15428 3427
15509 3425
15597 3421
15690 3421
15780 3412
15866 3412
15947 3407
16020 3407
16081 3403
16130 3403
16162 3398
16187 3387
23
15703 2976
15672 2944
15672 2944
15649 2944
15633 2969
15618 3005
15597 3062
15577 3125
15550 3204
15527 3287
15500 3382
15480 3472
15460 3561
15442 3640
15428 3712
15417 3775
15408 3825
15403 3868
15403 3897
15396 3917
15396 3929
15396 3929
15396 3929
