2
59
14997 3290
14997 3290
14997 3290
14997 3290
14992 3299
14992 3299
14985 3317
14981 3333
14974 3348
14965 3369
14952 3389
14938 3414
14922 3436
14906 3463
14891 3484
14875 3506
14861 3524
14848 3542
14836 3556
14827 3570
14818 3579
14818 3579
14807 3594
14807 3594
14803 3608
14803 3608
14798 3619
14798 3619
14798 3619
14798 3633
14798 3633
14798 3633
14803 3644
14803 3644
14803 3644
14805 3655
14805 3655
14805 3655
14805 3655
14823 3660
14834 3660
14850 3653
14870 3646
14893 3642
14922 3635
14954 3628
14988 3622
15024 3619
15060 3615
15094 3615
15128 3612
15159 3612
15186 3612
15209 3612
15225 3612
15236 3612
15236 3612
15247 3612
15247 3612
17
14922 3396
14922 3396
14925 3416
14929 3430
14929 3452
14936 3479
14938 3515
14943 3556
14943 3599
14949 3644
14952 3687
14952 3728
14958 3764
14958 3795
14963 3818
14963 3836
14963 3836
