2
32
14945 6506
14925 6517
14911 6533
14897 6553
14879 6582
14861 6614
14839 6657
14816 6698
14791 6747
14771 6790
14751 6835
14739 6872
14733 6908
14735 6937
14746 6962
14771 6980
14803 6991
14845 6998
14893 6998
14949 6998
15010 6989
15071 6978
15130 6964
15184 6948
15236 6928
15277 6905
15315 6881
15342 6856
15365 6826
15383 6797
15392 6770
15401 6738
19
15243 6603
15202 6641
15175 6671
15146 6704
15112 6747
15078 6790
15040 6842
15004 6896
14965 6955
14934 7014
14902 7075
14875 7136
14855 7192
14839 7242
14832 7280
14832 7312
14839 7321
14864 7314
14886 7298
