2
33
14975 4472
14975 4472
14975 4472
14975 4472
14975 4472
14975 4498
14975 4524
14950 4577
14950 4631
14922 4709
14897 4789
14869 4842
14816 4921
14791 5001
14738 5027
14711 5080
14685 5106
14685 5133
14685 5133
14685 5133
14711 5160
14738 5160
14791 5160
14844 5160
14897 5133
14975 5133
15028 5106
15107 5106
15160 5106
15187 5106
15213 5106
15240 5106
15240 5080
15
15054 4789
15054 4789
15054 4789
15028 4789
15028 4789
15028 4816
15028 4842
15028 4895
15028 4948
15054 5027
15054 5106
15054 5186
15081 5239
15081 5292
15107 5345
