2
38
13652 3122
13705 3069
13732 3069
13705 3069
13705 3096
13705 3122
13679 3148
13626 3174
13599 3254
13546 3307
13493 3387
13440 3492
13361 3572
13283 3677
13230 3783
13177 3862
13150 3942
13124 3969
13124 3995
13124 3995
13150 4021
13203 4021
13255 3995
13308 3995
13389 3995
13467 3995
13546 3995
13626 3995
13732 3995
13838 3995
13944 3995
14050 3969
14155 3969
14261 3969
14341 3942
14420 3942
14473 3942
14500 3942
19
14050 3333
13997 3333
13970 3333
13944 3333
13944 3360
13944 3387
13944 3440
13944 3518
13944 3625
13970 3731
13970 3916
13997 4075
14023 4233
14023 4392
14050 4550
14076 4657
14076 4763
14102 4815
14102 4868
