2
34
17886 5318
17886 5318
17886 5318
17886 5318
17886 5318
17886 5345
17860 5345
17860 5371
17833 5397
17807 5423
17780 5451
17754 5477
17727 5503
17674 5530
17648 5556
17648 5582
17621 5609
17621 5636
17621 5636
17648 5662
17648 5662
17701 5662
17727 5662
17780 5662
17833 5662
17886 5662
17939 5662
17992 5636
18045 5636
18098 5636
18124 5636
18177 5609
18204 5609
18230 5609
13
18018 5423
18045 5423
18045 5423
18045 5451
18045 5477
18045 5503
18071 5556
18071 5609
18071 5662
18071 5715
18071 5767
18071 5795
18071 5821
