2
34
13309 3009
13309 3009
13309 3009
13309 3009
13309 3021
13295 3052
13275 3122
13223 3219
13150 3331
13070 3459
12998 3572
12938 3665
12892 3738
12879 3769
12872 3789
12879 3797
12898 3804
12958 3797
13044 3766
13163 3738
13275 3719
13401 3711
13520 3715
13613 3719
13679 3727
13725 3731
13745 3735
13745 3735
13752 3738
13752 3738
13752 3738
13752 3738
13752 3738
13752 3738
23
13414 3149
13414 3149
13414 3149
13414 3153
13414 3180
13428 3250
13414 3355
13401 3482
13381 3638
13355 3800
13342 3944
13342 4053
13348 4126
13361 4184
13375 4208
13395 4223
13421 4215
13421 4215
13421 4215
13421 4215
13421 4215
13421 4215
13421 4215
