2
40
13626 6218
13652 6191
13679 6191
13679 6218
13679 6218
13679 6218
13679 6218
13679 6244
13679 6270
13652 6297
13652 6350
13626 6429
13573 6509
13546 6614
13493 6720
13440 6826
13414 6932
13389 7012
13361 7064
13361 7091
13361 7091
13361 7117
13389 7117
13414 7117
13440 7117
13493 7091
13573 7091
13652 7064
13732 7038
13838 7012
13944 6984
14050 6958
14182 6932
14288 6906
14367 6879
14447 6879
14500 6853
14525 6853
14553 6853
14553 6853
18
13970 6218
13944 6218
13944 6244
13944 6297
13944 6324
13944 6403
13944 6509
13970 6641
13970 6773
13970 6932
13970 7091
13970 7223
13970 7328
13997 7408
13997 7514
13997 7567
13997 7620
13997 7646
