2
44
10748 4632
10748 4632
10748 4632
10748 4632
10748 4632
10734 4646
10734 4646
10720 4666
10712 4680
10700 4694
10689 4711
10672 4728
10658 4742
10644 4758
10630 4770
10614 4784
10600 4795
10588 4806
10588 4806
10572 4823
10572 4823
10572 4823
10572 4823
10572 4823
10572 4823
10588 4823
10602 4823
10622 4823
10644 4817
10672 4817
10698 4812
10728 4812
10756 4806
10787 4806
10815 4806
10843 4806
10863 4803
10880 4803
10894 4803
10902 4803
10902 4803
10902 4803
10902 4803
10916 4798
13
10843 4658
10835 4697
10832 4719
10829 4744
10824 4775
10824 4812
10818 4848
10818 4882
10818 4915
10818 4943
10818 4966
10829 4982
10829 4982
