2
25
8.47439 11.0027
8.47439 11.0027
8.4784 10.9866
8.48241 10.9786
8.49445 10.9786
8.48643 10.9786
8.48643 10.9907
8.48643 11.0228
8.47439 11.0629
8.46235 11.1391
8.46235 11.2555
8.45433 11.3277
8.45031 11.3598
8.45834 11.3919
8.46636 11.424
8.47439 11.436
8.4784 11.432
8.50649 11.428
8.55464 11.42
8.62285 11.408
8.69106 11.3999
8.72316 11.3879
8.73921 11.3799
8.74323 11.3759
8.7352 11.3718
13
8.6068 11.1712
8.6068 11.1712
8.59878 11.1672
8.59476 11.1752
8.59476 11.1953
8.59878 11.2475
8.6068 11.3317
8.61884 11.4401
8.62285 11.5002
8.64291 11.5604
8.65896 11.5925
8.66298 11.6006
8.66298 11.5885
