2
23
12.3103 15.2479
12.3103 15.2479
12.3143 15.2479
12.3184 15.2519
12.3143 15.2519
12.3103 15.268
12.2983 15.3081
12.2702 15.3803
12.2421 15.4686
12.21 15.5248
12.19 15.5689
12.1819 15.605
12.1739 15.6211
12.1819 15.6251
12.198 15.6291
12.2381 15.6331
12.2903 15.6331
12.3585 15.613
12.4468 15.597
12.4989 15.585
12.5431 15.5769
12.5631 15.5689
12.5671 15.5569
12
12.4187 15.3883
12.4187 15.3883
12.4227 15.3883
12.4267 15.4004
12.4267 15.4204
12.4307 15.4686
12.4307 15.5448
12.3906 15.6371
12.3665 15.7093
12.3665 15.7776
12.3705 15.8177
12.3906 15.8578
