1
36
13.0246 11.0709
13.0246 11.0709
13.0286 11.0789
13.0326 11.099
13.0286 11.1391
13.0165 11.2033
12.9965 11.2876
12.9724 11.3718
12.9684 11.42
12.9644 11.436
12.9604 11.432
12.9644 11.424
12.9724 11.408
12.9844 11.3959
13.0005 11.3919
13.0286 11.3799
13.0767 11.3638
13.1289 11.3438
13.169 11.3157
13.2011 11.2796
13.2252 11.2434
13.2252 11.2234
13.2252 11.2194
13.2212 11.2194
13.2212 11.2234
13.2172 11.2274
13.2172 11.2635
13.2011 11.3317
13.181 11.424
13.165 11.5002
13.157 11.5564
13.161 11.5925
13.165 11.5885
13.169 11.5845
13.169 11.5685
13.1489 11.5123
