2
22
18.3973 11.099
18.3973 11.099
18.3973 11.099
18.4013 11.087
18.4093 11.0789
18.4133 11.0829
18.4133 11.087
18.4133 11.099
18.4214 11.1431
18.4173 11.1953
18.4173 11.2595
18.3933 11.3317
18.3853 11.3799
18.3812 11.424
18.3893 11.4521
18.4013 11.4641
18.4173 11.4641
18.4535 11.4561
18.5096 11.4521
18.5658 11.4441
18.618 11.428
18.6581 11.424
11
18.5257 11.2635
18.5257 11.2635
18.5257 11.2635
18.5136 11.2675
18.5056 11.2956
18.5016 11.3397
18.4976 11.408
18.4896 11.4922
18.4936 11.5444
18.4896 11.6046
18.4976 11.6487
