1
38
11.6001 10.9706
11.6001 10.9706
11.6001 10.9706
11.6081 10.9465
11.6081 10.9425
11.6081 10.9465
11.6081 10.9626
11.6081 10.9907
11.6041 11.0388
11.6001 11.099
11.5921 11.1632
11.5921 11.2113
11.6001 11.2354
11.6081 11.2475
11.6282 11.2555
11.6563 11.2475
11.6884 11.2394
11.7486 11.2274
11.7967 11.2234
11.8489 11.2073
11.877 11.1953
11.897 11.1632
11.9091 11.115
11.9171 11.0549
11.9131 11.0187
11.9051 11.0107
11.9011 11.0067
11.9051 11.0067
11.9051 11.0147
11.9091 11.0308
11.9091 11.0749
11.9091 11.1431
11.9051 11.2073
11.9011 11.2434
11.897 11.2916
11.9011 11.3277
11.9051 11.3678
11.9372 11.4039
