2
33
10589 3766
10535 3734
10519 3716
10501 3703
10483 3712
10467 3725
10445 3759
10420 3795
10386 3847
10348 3899
10303 3960
10255 4023
10208 4084
10163 4136
10122 4186
10090 4229
10066 4263
10050 4292
10043 4312
10043 4330
10061 4339
10090 4346
10136 4346
10194 4339
10264 4333
10346 4326
10434 4319
10522 4310
10612 4301
10689 4299
10759 4292
10815 4292
10856 4292
15
10655 3883
10612 3899
10589 3920
10565 3962
10542 4014
10519 4082
10492 4161
10463 4249
10438 4337
10418 4423
10402 4507
10397 4574
10402 4633
10418 4676
10445 4694
