2
36
18150 1455
18150 1455
18150 1455
18150 1455
18149 1471
18149 1481
18146 1499
18143 1519
18134 1546
18126 1574
18113 1602
18105 1636
18093 1662
18084 1688
18077 1708
18073 1723
18073 1723
18077 1737
18077 1737
18094 1739
18109 1736
18129 1733
18153 1728
18179 1725
18206 1722
18231 1718
18254 1714
18272 1709
18288 1709
18288 1709
18301 1709
18301 1709
18301 1709
18301 1709
18282 1699
18282 1699
15
18190 1624
18178 1608
18178 1608
18176 1618
18171 1630
18172 1656
18169 1681
18169 1715
18166 1745
18164 1780
18165 1815
18167 1844
18168 1860
18168 1860
18186 1866
