2
35
7866 6050
7848 6057
7836 6058
7820 6067
7807 6071
7795 6077
7782 6093
7773 6113
7752 6167
7738 6204
7724 6245
7709 6289
7698 6333
7688 6374
7683 6412
7684 6447
7689 6476
7703 6499
7750 6534
7785 6546
7827 6557
7878 6566
7933 6574
7996 6578
8060 6582
8128 6583
8191 6583
8249 6582
8302 6577
8345 6574
8383 6565
8409 6559
8423 6548
8430 6527
8426 6502
19
8246 6137
8216 6121
8194 6105
8167 6105
8144 6114
8105 6168
8089 6217
8075 6283
8064 6361
8054 6451
8048 6546
8042 6643
8037 6742
8036 6830
8033 6907
8037 6965
8039 7014
8041 7041
8053 7031
