2
33
11229 2357
11226 2340
11228 2321
11224 2311
11224 2311
11224 2311
11213 2321
11208 2347
11200 2389
11175 2500
11159 2568
11144 2643
11129 2719
11119 2790
11114 2853
11116 2909
11126 2960
11148 3005
11178 3046
11217 3083
11268 3114
11327 3142
11397 3165
11475 3185
11558 3198
11641 3208
11722 3212
11797 3212
11865 3212
11928 3204
11979 3196
12015 3179
12044 3153
19
11808 2515
11772 2494
11740 2486
11708 2501
11647 2577
11617 2650
11596 2742
11570 2855
11526 3100
11507 3230
11491 3361
11479 3483
11473 3590
11470 3677
11477 3738
11487 3793
11505 3812
11529 3804
11551 3776
