2
28
15047 2553
15028 2565
15013 2575
14953 2619
14935 2651
14913 2694
14893 2737
14871 2786
14852 2833
14838 2880
14837 2918
14844 2979
14860 2995
14889 3004
14929 3005
14979 3001
15038 2994
15106 2985
15180 2975
15252 2966
15324 2958
15441 2947
15485 2945
15521 2941
15542 2942
15554 2942
15554 2942
15555 2927
19
15184 2680
15168 2682
15143 2697
15143 2697
15130 2729
15126 2757
15121 2798
15117 2843
15111 2900
15108 2960
15107 3024
15107 3082
15109 3133
15112 3181
15119 3217
15121 3249
15121 3270
15129 3280
15129 3280
