2
35
10943 1044
10960 1031
10960 1031
10980 1014
10980 1014
10980 1014
10980 1014
10988 1034
10986 1063
10980 1104
10971 1151
10960 1207
10947 1267
10931 1334
10915 1399
10899 1461
10888 1515
10880 1561
10880 1601
10885 1632
10903 1655
10931 1667
10972 1669
11022 1664
11146 1632
11216 1612
11286 1591
11354 1568
11418 1549
11470 1532
11519 1518
11558 1510
11585 1503
11606 1489
11617 1479
17
11361 1094
11361 1094
11361 1094
11359 1127
11358 1199
11358 1249
11350 1313
11348 1376
11338 1451
11337 1526
11329 1671
11329 1734
11329 1794
11337 1843
11344 1886
11357 1935
11370 1940
