2
34
14576 5045
14576 5045
14556 5045
14556 5045
14547 5058
14540 5076
14539 5098
14536 5125
14534 5155
14532 5187
14536 5217
14537 5245
14542 5267
14545 5286
14552 5297
14552 5297
14569 5307
14581 5306
14597 5299
14617 5292
14641 5281
14666 5269
14694 5255
14723 5240
14754 5226
14802 5205
14824 5197
14857 5187
14870 5186
14881 5184
14892 5185
14892 5185
14892 5185
14892 5185
17
14860 5009
14860 5009
14846 5012
14835 5024
14827 5041
14811 5069
14798 5101
14784 5143
14768 5186
14753 5234
14739 5281
14728 5326
14719 5367
14715 5399
14715 5421
14711 5442
14711 5442
