2
49
8783 4191
8783 4191
8763 4188
8763 4188
8740 4204
8725 4221
8710 4242
8696 4271
8684 4303
8670 4339
8660 4377
8649 4415
8642 4453
8635 4488
8632 4518
8629 4544
8627 4566
8627 4586
8629 4600
8629 4611
8629 4611
8636 4621
8636 4621
8646 4624
8646 4624
8661 4624
8672 4624
8686 4626
8704 4627
8728 4629
8759 4632
8797 4636
8839 4638
8886 4641
8933 4645
8982 4649
9028 4652
9069 4656
9105 4659
9131 4661
9151 4663
9168 4664
9168 4664
9184 4667
9184 4667
9184 4667
9184 4667
9184 4667
9181 4652
26
9153 4125
9153 4125
9153 4125
9136 4123
9123 4133
9113 4147
9104 4168
9091 4195
9076 4229
9058 4269
9038 4316
9015 4376
8989 4436
8964 4500
8936 4566
8887 4692
8866 4750
8850 4801
8836 4845
8826 4882
8822 4908
8817 4931
8824 4947
8838 4955
8851 4961
8875 4955
