2
41
9585 4384
9585 4384
9564 4393
9549 4402
9532 4421
9513 4444
9504 4469
9491 4503
9481 4537
9471 4574
9464 4609
9459 4643
9457 4671
9454 4695
9454 4714
9457 4729
9461 4740
9461 4740
9473 4755
9473 4755
9497 4761
9516 4766
9542 4768
9571 4771
9607 4772
9647 4774
9690 4775
9737 4775
9780 4775
9858 4776
9890 4776
9920 4777
9944 4777
9963 4779
9978 4778
9988 4780
10001 4777
10001 4777
10001 4777
10001 4777
10006 4766
21
9936 4457
9936 4457
9932 4446
9917 4444
9917 4444
9900 4460
9890 4479
9877 4508
9863 4542
9845 4586
9802 4678
9780 4732
9755 4788
9731 4842
9705 4893
9677 4940
9655 4979
9634 5017
9605 5055
9588 5071
9569 5083
