2
38
8460 3343
8460 3343
8462 3332
8462 3332
8462 3332
8462 3332
8462 3332
8473 3364
8478 3384
8481 3412
8487 3442
8490 3475
8493 3508
8498 3571
8498 3602
8499 3623
8500 3639
8502 3651
8504 3663
8504 3663
8504 3663
8515 3664
8525 3662
8538 3660
8554 3657
8575 3653
8600 3651
8629 3647
8663 3644
8695 3640
8725 3637
8757 3633
8782 3631
8811 3626
8827 3626
8841 3626
8855 3621
8855 3621
22
8772 3238
8772 3238
8765 3219
8765 3219
8752 3226
8750 3238
8744 3263
8732 3327
8726 3371
8719 3426
8711 3484
8705 3547
8698 3608
8693 3669
8687 3731
8685 3780
8681 3827
8681 3860
8683 3885
8683 3905
8683 3905
8683 3905
