2
39
8623 4639
8623 4639
8611 4642
8602 4654
8599 4670
8593 4718
8595 4753
8593 4794
8597 4836
8598 4882
8603 4921
8607 4958
8612 4986
8617 5016
8622 5034
8629 5046
8629 5046
8640 5059
8640 5059
8656 5062
8667 5061
8678 5060
8694 5057
8711 5052
8732 5048
8759 5043
8786 5037
8821 5031
8853 5026
8889 5020
8923 5017
8959 5013
8991 5013
9021 5008
9043 5011
9064 5007
9082 5005
9082 5005
9098 5005
21
8984 4597
8984 4597
8984 4597
8977 4614
8972 4640
8959 4712
8953 4759
8943 4819
8934 4880
8923 4950
8915 5018
8905 5087
8898 5155
8892 5216
8886 5271
8884 5317
8879 5359
8879 5385
8883 5402
8886 5414
8886 5414
