1
70
11846 4600
11846 4600
11852 4589
11852 4589
11852 4589
11852 4589
11852 4589
11864 4579
11864 4579
11864 4579
11863 4589
11863 4589
11857 4605
11852 4615
11837 4632
11827 4650
11806 4671
11790 4691
11773 4712
11757 4731
11744 4746
11733 4758
11733 4758
11724 4769
11724 4769
11724 4769
11735 4766
11735 4766
11754 4763
11765 4763
11782 4765
11794 4769
11810 4775
11824 4782
11837 4791
11861 4807
11875 4812
11875 4812
11890 4820
11890 4820
11906 4821
11906 4821
11919 4815
11919 4815
11927 4802
11932 4792
11938 4780
11938 4767
11938 4754
11942 4742
11944 4731
11946 4721
11946 4721
11946 4721
11946 4721
11946 4721
11946 4721
11936 4728
11928 4739
11924 4754
11913 4780
11905 4792
11894 4803
11891 4821
11883 4836
11880 4851
11875 4863
11868 4875
11868 4875
11865 4894
