1
103
14109 5220
14109 5220
14109 5220
14109 5220
14120 5217
14120 5217
14120 5217
14120 5217
14132 5209
14132 5209
14132 5209
14132 5209
14132 5209
14132 5209
14136 5221
14133 5234
14129 5249
14122 5267
14116 5287
14106 5312
14096 5335
14085 5358
14074 5380
14064 5400
14055 5417
14048 5433
14042 5445
14042 5445
14037 5459
14037 5459
14037 5459
14037 5459
14049 5460
14049 5460
14068 5454
14080 5453
14093 5453
14119 5459
14133 5466
14155 5485
14178 5506
14200 5521
14210 5525
14210 5525
14230 5532
14230 5532
14241 5534
14241 5534
14251 5533
14251 5533
14251 5533
14263 5519
14263 5519
14269 5498
14270 5482
14271 5464
14270 5442
14271 5418
14271 5394
14272 5370
14273 5348
14274 5327
14274 5309
14276 5294
14278 5284
14278 5284
14279 5272
14279 5272
14279 5272
14279 5272
14279 5272
14279 5272
14279 5272
14280 5286
14281 5297
14280 5313
14280 5331
14279 5355
14275 5381
14271 5411
14264 5470
14260 5501
14254 5532
14251 5562
14248 5592
14246 5618
14246 5643
14246 5669
14245 5690
14246 5708
14246 5723
14247 5734
14247 5734
14248 5748
14248 5748
14248 5748
14248 5748
14248 5748
14248 5748
14248 5748
14243 5736
14245 5725
14242 5714
